,날짜,시가,고가,저가,종가,거래량,외국인소진율
0,20190807,34950,35500,34050,34300,232262,29.61
1,20190808,35000,35850,34800,35750,387890,29.64
2,20190809,36250,36350,35700,36000,199336,29.63
3,20190812,35700,36400,35650,35850,145173,29.64
4,20190813,35400,35700,35000,35300,150214,29.65
5,20190814,35700,36150,34850,35100,247282,29.64
6,20190816,34750,35000,33800,34400,274909,29.63
7,20190819,34400,35050,34400,34850,142072,29.65
8,20190820,34750,35200,34500,34950,150553,29.6
9,20190821,34900,35500,34600,35300,192954,29.58
10,20190822,35150,35450,34900,35150,171767,29.56
11,20190823,34850,35200,34400,34900,177837,29.55
12,20190826,34300,34550,34000,34100,130606,29.55
13,20190827,34150,34700,34000,34000,309953,29.51
14,20190828,34250,34450,34050,34300,92800,29.52
15,20190829,34400,34400,33850,34150,150584,29.48
16,20190830,34450,35400,34300,35300,229708,29.46
17,20190902,34950,35400,34750,35250,103668,29.46
18,20190903,35200,35200,34500,34650,154341,29.43
19,20190904,34750,35050,34450,35050,146502,29.43
20,20190905,34900,35950,34850,35600,314615,29.36
21,20190906,35450,35900,34950,35050,150683,29.37
22,20190909,35000,35900,35000,35200,168955,29.39
23,20190910,35600,35700,35150,35450,131713,29.35
24,20190911,35600,36000,35500,35800,261119,29.33
25,20190916,36000,36850,35800,36750,227320,29.33
26,20190917,36750,36750,36300,36450,128434,29.36
27,20190918,36450,36600,36100,36500,122690,29.37
28,20190919,36500,36750,35850,35950,154426,29.4
29,20190920,35800,36400,35700,36400,178426,29.41
30,20190923,36250,36300,35800,36000,96990,29.4
31,20190924,36000,36250,35650,36050,178074,29.22
32,20190925,36050,36150,35500,35600,193425,29.2
33,20190926,35650,35850,35500,35700,126060,29.18
34,20190927,35900,35900,35000,35150,109385,29.17
35,20190930,34750,35350,34750,35350,107369,29.19
36,20191001,35350,35750,35150,35400,88824,29.12
37,20191002,35300,35300,34450,34650,291313,29.14
38,20191004,34550,34850,34250,34250,164141,29.15
39,20191007,34300,34450,34050,34350,147893,29.12
40,20191008,34800,34800,34300,34700,128531,29.12
41,20191010,34250,34600,34050,34300,233905,29.12
42,20191011,34750,34850,34250,34350,200853,29.16
43,20191014,34800,35150,34750,35000,178849,29.13
44,20191015,35100,35100,34500,34650,139024,29.1
45,20191016,34900,35200,34750,35000,176209,29.13
46,20191017,34900,35050,34400,34600,119712,29.11
47,20191018,34700,35000,34300,34300,148224,29.08
48,20191021,34250,34500,34100,34100,140616,29.01
49,20191022,34250,34500,34200,34300,147605,28.96
50,20191023,34300,34600,34150,34450,174075,28.98
51,20191024,34350,34450,34000,34300,127508,28.94
52,20191025,34050,34350,34000,34250,86858,28.92
53,20191028,34400,34700,34150,34250,98126,28.9
54,20191029,34450,34450,34100,34100,125707,28.87
55,20191030,34400,34400,33800,33850,173531,28.86
56,20191031,34000,34050,33600,33600,174012,28.84
57,20191101,33550,33900,33250,33700,104140,28.83
58,20191104,34000,34900,33800,34850,258567,28.84
59,20191105,34850,35000,34450,34950,189185,28.84
60,20191106,34950,35000,34450,34450,167467,28.83
61,20191107,34450,34700,34300,34550,120137,28.82
62,20191108,34650,35050,34650,34900,161977,28.81
63,20191111,34900,35000,34600,34750,145109,28.81
64,20191112,34750,35400,34750,35250,202341,28.85
65,20191113,35000,35150,34750,34850,119917,28.93
66,20191114,34750,35200,34650,35200,203819,28.9
67,20191115,35000,35700,34850,35700,261461,28.92
68,20191118,35550,35750,35250,35450,144905,28.89
69,20191119,35450,35700,35000,35700,187446,28.92
70,20191120,35500,35650,35250,35450,179012,28.98
71,20191121,35200,35300,34900,35200,188979,28.98
72,20191122,35200,35400,34950,35400,144252,29.0
73,20191125,35200,35850,35200,35850,176635,28.99
74,20191126,35900,36400,35700,36200,391268,28.97
75,20191127,36450,36550,36050,36450,147042,29.0
76,20191128,36200,36400,36050,36400,89845,29.0
77,20191129,36450,36600,35850,36100,150180,28.99
78,20191202,36000,36400,35900,36200,115533,28.97
79,20191203,35850,36300,35700,36000,192204,29.03
80,20191204,35700,36550,35600,36400,214601,28.99
81,20191205,36250,36550,36100,36300,118307,28.97
82,20191206,36300,36450,35700,35950,240610,28.95
83,20191209,36000,36500,35800,36200,160280,28.91
84,20191210,36100,36650,36100,36500,131183,28.89
85,20191211,36500,37000,36350,36850,232850,28.93
86,20191212,36950,37500,36850,37400,436590,28.98
87,20191213,37650,38300,37650,38150,379250,29.0
88,20191216,38450,38450,37650,38150,198661,28.89
89,20191217,38150,38400,37900,38350,243872,28.86
90,20191218,38350,38550,38200,38200,196435,28.84
91,20191219,38100,38750,38100,38700,211714,28.84
92,20191220,38800,39250,38700,39200,318550,28.8
93,20191223,39400,39450,39150,39450,218605,28.72
94,20191224,39350,39700,39250,39450,176401,28.7
95,20191226,39450,39600,39200,39600,244242,28.61
96,20191227,38900,39550,38750,39100,337641,28.62
97,20191230,39350,39350,38450,38600,216118,28.66
98,20200102,38600,38650,37800,37850,187682,28.8
99,20200103,38000,38500,37850,38100,266984,28.87
100,20200106,37700,38000,37150,37500,215108,28.92
101,20200107,37500,37950,37250,37800,288546,28.9
102,20200108,37300,37400,36850,37150,287810,29.0
103,20200109,38200,38200,37150,37600,306136,28.95
104,20200110,37500,37850,37400,37850,223093,29.02
105,20200113,37900,37950,37350,37650,153232,29.04
106,20200114,37800,38100,37450,38000,327233,29.16
107,20200115,38050,38050,37450,37900,188318,29.26
108,20200116,37900,38150,37500,38150,209219,29.18
109,20200117,38150,38200,37850,38150,199419,29.25
110,20200120,38200,38300,37800,37850,179914,29.35
111,20200121,38050,38100,37650,37700,187588,29.45
112,20200122,37900,38300,37600,38300,237796,29.56
113,20200123,38050,38300,37700,38100,201322,29.64
114,20200128,37500,37800,36100,36350,390860,29.62
115,20200129,36300,36350,35900,36350,295323,29.73
116,20200130,36400,36400,35250,35400,274189,29.97
117,20200131,35750,36200,35250,35250,286937,29.97
118,20200203,35050,35350,34550,35000,226193,29.77
119,20200204,34850,35450,34800,34900,323944,29.7
120,20200205,35250,35600,35000,35350,272398,29.72
121,20200206,35700,36700,35600,36700,310018,29.72
122,20200207,36500,36700,35650,35850,227786,29.7
123,20200210,35300,35700,35100,35300,140996,29.66
124,20200211,35600,35800,35350,35500,156849,29.63
125,20200212,35350,35600,35000,35450,186068,29.6
126,20200213,35600,35700,35100,35300,319803,29.54
127,20200214,35050,35700,35000,35250,265367,29.56
128,20200217,35400,35550,35000,35250,168530,29.57
129,20200218,35050,35600,34900,35500,296848,29.58
130,20200219,35800,36050,35500,35750,336118,29.62
131,20200220,35750,36200,35500,35700,238687,29.6
132,20200221,35050,35600,34900,35100,189637,29.57
133,20200224,34750,34950,33900,33900,313620,29.56
134,20200225,33750,34600,33750,34300,341216,29.53
135,20200226,34150,34500,33900,34000,283194,29.54
136,20200227,34000,34200,33400,34000,346441,29.5
137,20200228,33400,33800,32750,33100,391888,29.4
138,20200302,33200,33350,32050,32950,352305,29.3
139,20200303,33550,34050,33050,33200,325337,29.28
140,20200304,33150,34600,33050,34300,396290,29.21
141,20200305,34550,35200,34150,34900,366895,29.16
142,20200306,34500,34550,34000,34400,318615,29.14
143,20200309,33750,33750,32950,33150,313390,29.14
144,20200310,32800,33750,32500,33550,508237,29.06
145,20200311,33200,34300,32650,33100,423850,29.03
146,20200312,33400,33400,31300,32250,666939,28.96
147,20200313,30100,31750,29100,31400,908190,28.77
148,20200316,31400,31700,29450,30050,563171,28.9
149,20200317,28500,29900,28300,29300,517060,28.86
150,20200318,29600,29600,28150,28500,500436,29.08
151,20200319,28450,28800,23850,24400,789228,29.17
152,20200320,24500,25600,22750,23900,1291491,29.19
153,20200323,21500,22400,20450,20800,1010313,29.3
154,20200324,21600,23450,20900,23350,1006296,29.3
155,20200325,24850,27500,24300,27400,1109536,29.27
156,20200326,27400,28000,26300,26850,1043480,28.97
157,20200327,28400,29400,27300,27800,865105,28.88
158,20200330,26950,29400,26200,28300,740674,28.66
159,20200331,29250,30250,28700,29350,781828,28.55
160,20200401,29350,29600,27150,27250,676657,28.35
161,20200402,27150,28000,26300,27750,581063,28.34
162,20200403,27950,28050,26850,27300,607850,28.26
163,20200406,27350,29050,27350,28700,611532,28.3
164,20200407,29750,30000,28100,28900,848392,28.15
165,20200408,28550,28700,27950,28000,745384,27.94
166,20200409,28550,28600,28050,28400,550592,27.88
167,20200410,28350,29000,28100,28750,601449,27.89
168,20200413,28800,28800,27800,27800,463194,27.89
169,20200414,28200,28450,27900,28300,362872,27.89
170,20200416,27850,27950,27150,27450,517748,27.79
171,20200417,27950,29250,27900,28850,1078805,27.84
172,20200420,29000,29250,28250,28250,580078,27.64
173,20200421,28000,28400,27300,27850,586677,27.58
174,20200422,27400,27950,26900,27850,487539,27.45
175,20200423,28000,28350,27750,27850,366007,27.38
176,20200424,27600,27850,27300,27300,295487,27.35
177,20200427,27600,28600,27500,28350,492146,27.38
178,20200428,28800,29200,28200,28400,501304,27.28
179,20200429,28500,30750,28500,30100,1420001,27.42
180,20200504,29200,29250,28550,28950,882170,27.12
181,20200506,29400,29700,28950,29300,716213,26.9
182,20200507,28900,29200,28800,28900,317378,26.8
183,20200508,29250,29300,28950,28950,367150,26.71
184,20200511,29100,29300,28500,28500,353080,26.73
185,20200512,28500,28600,27600,27700,534676,26.65
186,20200513,27250,27800,27250,27550,348014,26.58
187,20200514,27150,27350,27000,27200,538180,26.5
188,20200515,27600,27750,27100,27250,439889,26.41
189,20200518,27300,27500,27100,27450,374489,26.44
190,20200519,28300,28500,28050,28350,706645,26.42
191,20200520,28200,28350,27950,28200,297121,26.38
192,20200521,28550,29150,28200,28900,870578,26.24
193,20200522,28950,28950,27700,27900,567747,26.09
194,20200525,28100,28350,27800,28350,258208,26.09
195,20200526,28400,28950,28250,28850,606505,26.12
196,20200527,29100,29150,28450,28750,602936,26.03
197,20200528,29200,29600,28400,28800,1086619,26.0
198,20200529,28500,28650,27800,27950,1121265,25.91
199,20200601,28200,28500,28050,28450,552664,25.93
200,20200602,28400,30000,28200,29650,1489653,26.22
201,20200603,30400,31950,30250,31450,2022916,26.12
202,20200604,32500,33050,30250,30400,1714570,25.81
203,20200605,30450,31050,30050,30900,671806,25.67
204,20200608,31800,31800,30750,31100,661185,25.59
205,20200609,31300,31400,30100,30450,864297,25.43
206,20200610,30150,30600,30000,30300,440301,25.3
207,20200611,30000,30100,29200,29500,903991,25.22
208,20200612,28300,28850,28200,28800,729511,25.09
209,20200615,28450,28650,27400,27400,807920,24.89
210,20200616,28050,28950,28000,28800,532143,24.85
211,20200617,28500,28850,28000,28400,623203,24.82
212,20200618,28400,28850,28050,28150,630792,24.72
213,20200619,28550,28650,28200,28600,549130,24.84
214,20200622,28300,28700,28150,28150,296212,24.83
215,20200623,28400,28500,27650,27650,519049,24.8
216,20200624,27950,28200,27800,27900,435913,24.86
217,20200625,27350,27450,26700,26850,931999,24.79
218,20200626,27150,27150,26700,26950,420567,24.75
219,20200629,26350,26500,25900,26100,521356,24.73
220,20200630,26400,26600,26200,26350,364102,24.72
221,20200701,26500,26900,26200,26350,370951,24.69
222,20200702,26550,26700,26400,26650,313899,24.72
223,20200703,26750,26900,26450,26750,313899,24.68
224,20200706,26650,27250,26350,27250,449390,24.76
225,20200707,27600,27650,27150,27300,438095,24.78
226,20200708,27300,27500,27200,27500,350653,24.81
227,20200709,27600,27600,27350,27400,335912,24.85
228,20200710,27550,27550,26700,26700,327676,24.85
229,20200713,27200,27850,26850,27800,524846,24.94
230,20200714,27550,28000,27400,28000,307446,24.93
231,20200715,28600,28650,28050,28350,644975,24.83
232,20200716,28550,29100,28400,28700,759175,24.84
233,20200717,28800,29250,28750,29250,618226,24.95
234,20200720,29450,29650,28550,29050,410974,24.95
235,20200721,29350,30000,28800,29900,876224,24.98
236,20200722,30000,30650,29550,29600,659046,24.97
237,20200723,29450,29600,28600,29000,581682,24.94
238,20200724,28600,29100,28400,28800,406350,24.89
239,20200727,28700,29650,28700,29400,405583,24.89
240,20200728,29500,29950,29350,29550,440454,24.91
241,20200729,29500,29700,29050,29250,358149,24.86
242,20200730,29450,29600,29150,29300,324698,24.82
243,20200731,29400,29450,28950,28950,344497,24.78
244,20200803,29150,29250,28800,28800,342806,24.73
245,20200804,28950,30050,28950,29800,801768,24.79
246,20200805,30950,31150,29950,30700,1316408,24.66
247,20200806,30950,31700,30900,31050,1141338,24.67
248,20200807,31550,31750,30600,31100,767329,24.64
249,20200810,31300,33000,31200,33000,1479089,24.77
250,20200811,33350,34050,32600,32650,1363497,24.57
251,20200812,32650,33250,31650,33000,997755,24.59
252,20200813,33500,33550,32500,32950,722402,24.46
253,20200814,32850,32950,31800,31950,737640,24.44
254,20200818,31700,31750,30000,30300,1017382,24.5
255,20200819,30500,30900,30200,30400,562526,24.53
256,20200820,30300,30300,29000,29200,819439,24.59
257,20200821,29350,29800,29050,29450,434418,24.59
258,20200824,29300,29850,28850,29750,399877,24.53
259,20200825,30100,31450,29950,31450,735176,24.75
260,20200826,31450,31450,30650,31300,525112,24.78
261,20200827,31200,31300,30350,30400,585378,24.8
262,20200828,30850,31300,30550,30750,708396,24.75
263,20200831,31050,31500,30150,30150,688817,24.58
264,20200901,30250,31100,30200,30950,442959,24.62
265,20200902,31300,32800,31000,32300,1407330,24.94
266,20200903,32650,32650,32000,32250,587589,24.89
267,20200904,31100,31850,31000,31400,663119,24.89
268,20200907,31400,32400,31100,32150,646773,24.9
269,20200908,32300,32600,31500,31650,521844,24.82
270,20200909,31000,31250,30900,31050,411517,24.81
271,20200910,31500,31550,31150,31200,464792,24.83
272,20200911,31000,31400,30800,31400,324887,24.85
273,20200914,31450,31950,31350,31950,433850,24.94
274,20200915,32200,32250,31500,31700,400533,24.78
275,20200916,31650,32200,31450,31800,358136,24.82
276,20200917,31900,32200,31350,31400,408632,24.91
277,20200918,31400,31600,31000,31200,312036,24.89
278,20200921,31200,31450,30600,30700,339352,24.86
279,20200922,30400,30650,29950,29950,507456,24.82
280,20200923,30100,30200,29550,29800,414131,24.84
281,20200924,29500,29650,29150,29200,420567,24.77
282,20200925,29650,29650,29200,29400,255595,24.75
283,20200928,29600,29800,29400,29500,253913,24.74
284,20200929,29950,30700,29700,30600,491400,24.81
285,20201005,30600,31150,30600,31100,298934,24.86
286,20201006,31250,31300,30700,30750,273546,24.87
287,20201007,30650,30850,30400,30850,231784,24.89
288,20201008,31200,32000,31100,31750,950067,25.19
289,20201012,32150,33000,32000,32900,962191,25.34
290,20201013,32950,33000,32000,32300,470735,25.27
291,20201014,32000,32250,31550,31850,440418,25.32
292,20201015,31500,32450,31400,32450,472629,25.36
293,20201016,32300,32450,31900,32150,302235,25.35
294,20201019,32300,33150,32200,32900,692877,25.42
295,20201020,32700,33100,32400,33100,391731,25.38
296,20201021,33200,33350,32850,33300,369185,25.46
297,20201022,33050,34500,32850,34150,955225,25.7
298,20201023,34150,34600,33700,34250,535887,25.69
299,20201026,34550,34600,32950,33100,470731,25.68
300,20201027,32600,33100,32250,32400,450078,25.66
301,20201028,32400,33800,32400,33600,390446,25.77
302,20201029,32850,33500,32400,33400,471450,25.67
303,20201030,33300,33300,32000,32100,403985,25.58
304,20201102,32200,32850,32200,32500,192179,25.6
305,20201103,32750,33200,32450,33050,316505,25.61
306,20201104,33200,33400,32800,32900,288289,25.59
307,20201105,33100,33550,32800,33400,369355,25.65
308,20201106,33650,33650,32800,32950,320512,25.63
309,20201109,33200,33650,33100,33450,348265,25.74
310,20201110,34100,34250,33750,33950,566978,25.8
311,20201111,34100,35950,34000,35750,1014117,25.89
312,20201112,35750,35750,34950,35500,640275,25.82
313,20201113,35200,35750,34900,35250,485588,25.7
314,20201116,35950,38750,35800,38250,1591487,25.92
315,20201117,38600,39150,37800,38800,880784,25.89
316,20201118,38700,39150,37850,38000,691803,25.79
317,20201119,37500,38050,37150,38050,484963,25.79
318,20201120,37850,38550,37800,38250,416334,25.71
319,20201123,38300,39950,37750,39800,874201,25.76
320,20201124,40700,40750,39200,39700,708496,25.64
321,20201125,40150,40200,38500,39400,783484,25.58
322,20201126,39100,40150,38900,40100,538922,25.54
323,20201127,39750,40300,39600,40150,367531,25.51
324,20201130,40300,40300,39400,39450,750787,25.29
325,20201201,39600,41050,39600,41000,581307,25.33
326,20201202,41000,41650,40600,41200,511417,25.27
327,20201203,41000,41500,40700,41500,417399,25.29
328,20201204,41650,43800,41200,42050,1271204,25.39
329,20201207,42700,42750,41150,41600,691087,25.28
330,20201208,41650,41700,40750,40850,595332,25.21
331,20201209,41050,41400,40900,41350,398003,25.18
332,20201210,41200,41500,40600,41400,573656,24.99
333,20201211,41950,42850,41600,42400,795021,25.27
334,20201214,42350,42450,41650,42150,432071,25.3
335,20201215,42100,42700,41650,42500,467713,25.21
336,20201216,42850,43400,42800,43200,486537,25.13
337,20201217,43300,43600,42450,42500,505834,25.03
338,20201218,42600,42800,42250,42350,295560,25.02
339,20201221,42350,42600,41800,42600,379297,25.0
340,20201222,42550,42600,41900,41900,454730,25.01
341,20201223,42100,42400,41200,42150,521048,25.03
342,20201224,42350,42950,42250,42950,546107,25.05
343,20201228,43400,43500,42500,43150,1111721,25.12
344,20201229,41850,42000,40200,40700,1383425,25.06
345,20201230,40650,40800,39600,40450,999963,25.06
346,20210104,40400,41000,39550,40800,977126,25.15
347,20210105,40550,41350,40250,41350,767476,25.34
348,20210106,41800,44050,41750,42200,2310034,25.58
349,20210107,43200,43900,42550,43600,1418204,25.76
350,20210108,44200,44900,43350,44000,1403694,25.78
351,20210111,44450,47250,43800,45000,2742269,26.09
352,20210112,45050,45150,42550,43950,1729487,25.79
353,20210113,44000,44200,43200,43650,779195,25.88
354,20210114,43500,43700,43050,43050,582845,25.93
355,20210115,43200,43600,41300,41550,1121169,26.11
356,20210118,40950,41300,40150,40600,771339,26.23
357,20210119,40700,42000,40450,41900,698070,26.25
358,20210120,42300,42550,40900,41300,767420,26.28
359,20210121,41700,41950,41350,41600,461581,26.32
360,20210122,41550,42000,41000,41050,646741,26.36
361,20210125,41300,41550,40950,41300,483121,26.3
362,20210126,41600,41650,40300,40400,811369,26.22
363,20210127,40750,41300,40200,40750,709952,26.23
364,20210128,39900,40200,39400,39750,617444,26.21
365,20210129,40000,40100,37750,37750,908488,26.21
366,20210201,37500,38650,37300,38650,589699,26.16
367,20210202,39050,39700,38600,39000,579862,26.1
368,20210203,39450,39750,38900,39300,404034,26.06
369,20210204,39350,39400,38200,38250,604000,25.94
370,20210205,38650,39200,38350,39100,400200,26.0
371,20210208,38700,40050,38700,39700,496150,25.95
372,20210209,40050,40250,39550,39600,511352,26.1
373,20210210,39800,40000,38850,39750,409046,26.27
374,20210215,40050,40250,39700,39750,344478,26.22
375,20210216,39800,40050,39500,39750,284148,26.21
376,20210217,39650,39750,39000,39300,373087,26.23
377,20210218,38900,39300,38400,38400,402349,26.19
378,20210219,38500,38650,37300,38350,440635,26.21
379,20210222,38350,38850,37800,38050,425380,26.22
380,20210223,37900,38300,37600,37950,332495,26.28
381,20210224,38200,38250,37200,37350,418038,26.29
382,20210225,37850,38100,37550,38000,406288,26.38
383,20210226,37100,37400,36100,36550,873289,26.2
384,20210302,37300,37300,36500,37050,467757,26.32
385,20210303,37000,38550,36600,38450,585159,26.53
386,20210304,38300,38800,37700,38350,431336,26.57
387,20210305,38100,38150,37150,37700,419248,26.5
388,20210308,38100,38150,37550,37800,263107,26.51
389,20210309,38150,38200,36900,37450,453488,26.46
390,20210310,37950,37950,37250,37550,250627,26.46
391,20210311,37700,38550,37650,38100,422499,26.57
392,20210312,38450,38900,38200,38750,377119,26.61
393,20210315,38800,39300,38700,39200,371708,26.75
394,20210316,39600,39600,39050,39050,384676,26.75
395,20210317,39000,39050,38450,38700,286847,26.76
396,20210318,39000,39400,38850,38850,391703,26.91
397,20210319,38550,39850,38150,39850,1247509,26.99
398,20210322,39600,39600,39100,39300,278785,27.06
399,20210323,39400,39550,38250,38300,338589,26.98
400,20210324,38300,38550,38000,38500,189548,27.04
401,20210325,38450,39200,38200,39000,293077,27.04
402,20210326,39050,39350,39000,39250,254124,27.08
403,20210329,39500,39500,38800,39150,274024,27.05
404,20210330,39200,39250,38750,38850,355654,27.06
405,20210331,38900,40000,38700,39450,720970,27.21
406,20210401,39800,39850,39000,39150,415056,27.03
407,20210402,39350,39650,39050,39350,260624,27.04
408,20210405,39500,39550,39150,39550,206766,27.06
409,20210406,39700,41150,39600,41000,1094209,27.21
410,20210407,41200,43000,40700,41800,1407187,27.23
411,20210408,42200,42250,41450,41800,546875,27.2
412,20210409,42150,42950,41800,41800,476075,27.17
413,20210412,41900,42450,41200,41350,462866,27.12
414,20210413,41500,41500,40700,41100,450687,27.07
415,20210414,41250,41300,40750,41100,324139,27.13
416,20210415,41200,41700,41050,41300,272399,27.17
417,20210416,41550,42050,41300,41600,424048,27.2
418,20210419,41650,41700,41150,41200,281201,27.15
419,20210420,41300,42300,41200,41950,506856,27.12
420,20210421,41650,41800,41100,41150,360245,27.05
421,20210422,41500,41700,41200,41300,285434,27.02
422,20210423,41250,42700,41050,42350,762646,27.23
423,20210426,42650,42750,42250,42600,419615,27.19
424,20210427,42800,43650,42550,43600,669886,27.37
425,20210428,43950,43950,42450,42600,744293,27.29
426,20210429,42750,43050,41700,41800,569571,27.3
427,20210430,42000,42900,41850,42650,558293,27.35
428,20210503,42750,42800,41350,41450,435701,27.29
429,20210504,41350,42100,40900,41700,398206,27.38
430,20210506,41700,43300,41300,43300,677693,27.71
431,20210507,43550,43750,43200,43500,505591,27.78
432,20210510,44900,46550,44900,46450,1975873,28.12
433,20210511,46300,46950,45700,46900,876246,28.08
434,20210512,46500,46550,44250,45100,996047,27.93
435,20210513,43850,45000,43800,44000,872761,28.03
436,20210514,44600,44800,43950,44400,421598,28.03
437,20210517,44800,45300,44200,44900,530920,28.04
438,20210518,45050,45850,45000,45500,426775,28.02
439,20210520,45000,45300,44150,44500,399250,27.95
440,20210521,44850,45450,44100,44450,467163,27.91
441,20210524,44400,45400,44350,45100,378415,28.01
442,20210525,45600,45850,45200,45750,318640,27.96
443,20210526,45850,46550,45700,46100,417866,28.03
444,20210527,46100,46800,45800,46400,554278,28.03
445,20210528,46500,46750,46150,46400,338109,27.97
446,20210531,46450,47450,46000,47450,511872,28.04
447,20210601,47500,47650,46900,47200,304412,28.03
448,20210602,46950,47450,46350,46900,370216,28.05
449,20210603,47000,47200,46850,46850,354602,28.04
450,20210604,46500,46800,46200,46450,361992,28.05
451,20210607,46650,46850,45950,46500,344520,28.01
452,20210608,46400,46750,46250,46300,261943,28.0
453,20210609,46200,46450,45600,45600,330239,28.03
454,20210610,45450,45500,44750,45200,787768,28.12
455,20210611,45250,45650,45000,45150,295821,28.12
456,20210614,45200,45200,44550,44750,237447,28.1
457,20210615,44750,45450,44650,45450,309676,28.05
458,20210616,45200,45800,45050,45600,256569,28.05
459,20210617,45150,45400,44750,45150,267706,28.08
460,20210618,44950,45000,44550,44700,331316,28.07
461,20210621,44300,44350,43600,43750,417429,28.12
462,20210622,44150,44500,44000,44250,210192,28.12
463,20210623,44300,44400,43700,43750,311693,28.11
464,20210624,43700,44250,43400,44000,294385,28.12
465,20210625,44250,45250,44200,45100,425475,28.25
466,20210628,45250,45800,44750,45750,418852,28.21
467,20210629,45550,45550,44700,45000,309160,28.23
468,20210630,44950,45150,44800,44950,232451,28.27
469,20210701,45000,45100,44250,44350,255570,28.21
470,20210702,44350,44700,44000,44300,259204,28.25
471,20210705,44400,44650,44050,44600,175901,28.22
472,20210706,44750,44900,44250,44450,204941,28.21
473,20210707,44400,44400,43900,44100,326740,28.23
474,20210708,43950,44450,43850,43900,273536,28.22
475,20210709,43450,43500,42450,42850,479127,28.12
476,20210712,43100,43450,43050,43050,183847,28.11
477,20210713,43400,43750,43350,43600,354172,28.12
478,20210714,43400,43600,43100,43300,138093,28.13
479,20210715,43600,44600,43550,44550,370342,28.28
480,20210716,44550,44550,43850,44350,221478,28.27
481,20210719,44200,44600,43850,44200,244343,28.26
482,20210720,43750,44100,43550,43850,280893,28.25
483,20210721,43850,44050,43450,43500,208416,28.21
484,20210722,43800,44100,43550,44100,171954,28.2
485,20210723,44100,44750,44000,44550,244352,28.24
486,20210726,44600,44750,43800,43950,232846,28.26
487,20210727,44150,45050,43850,43900,264985,28.23
488,20210728,43700,44200,43400,43900,253098,28.2
489,20210729,43900,44650,43900,44250,217447,28.25
490,20210730,44000,44400,43800,44250,271757,28.29
491,20210802,44450,44450,43800,44150,210203,28.24
492,20210803,44000,44400,43850,44100,201035,28.25
493,20210804,44200,44950,43950,44900,281378,28.29
494,20210805,44700,44900,44400,44550,141539,28.27
495,20210806,44800,45050,44600,44650,206768,28.28
496,20210809,45250,45450,44850,45000,401683,28.34
497,20210810,45300,46250,45150,46000,756780,28.58
498,20210811,46000,46800,46000,46650,499266,28.69
499,20210812,46800,47650,46750,47200,755347,28.84
500,20210813,47450,47900,46200,47000,627645,29.0
501,20210817,47000,47300,46200,46350,470222,29.11
502,20210818,46350,46900,45850,46550,358293,29.11
503,20210819,46350,46750,45000,45000,615321,29.11
504,20210820,45400,45900,44500,44750,497891,29.09
505,20210823,45200,46700,45150,46050,409277,29.22
506,20210824,46350,47350,46350,47300,458329,29.4
507,20210825,47300,47750,47000,47550,339026,29.52
508,20210826,47600,47900,47300,47800,317736,29.63
509,20210827,47800,48950,47650,48950,545613,29.79
510,20210830,49300,50200,49200,49650,451649,29.9
511,20210831,49550,49600,48150,49450,840984,29.9
512,20210901,49050,49650,48800,49500,201501,29.91
513,20210902,49700,50900,49650,50300,522601,30.09
514,20210903,50500,50500,49050,49100,455801,30.0
515,20210906,48800,49300,48550,49200,188845,30.06
516,20210907,49050,49550,48850,49200,172023,30.08
517,20210908,48850,49550,48850,49450,261791,30.1
518,20210909,49150,49250,48450,48550,370251,30.14
519,20210910,48600,49300,48550,49100,172517,30.15
520,20210913,48850,49400,48650,48850,191777,30.12
521,20210914,49200,49750,48850,49150,294857,30.1
522,20210915,49000,49200,48600,48900,202621,30.12
523,20210916,49100,49150,48500,48900,217505,30.13
524,20210917,48750,49450,48600,49400,257606,30.17
525,20210923,48500,49050,48350,48750,281200,30.14
526,20210924,48850,49150,48300,48500,206136,30.11
527,20210927,48100,48650,48050,48500,202615,30.19
528,20210928,48400,48450,47450,47850,286388,30.22
529,20210929,47350,47750,46600,47200,409484,30.17
530,20210930,47100,47950,46800,47900,293190,30.19
531,20211001,47200,47600,46700,46800,261824,30.16
532,20211005,46450,46800,45650,46500,333792,30.15
533,20211006,46750,47300,45950,45950,301090,30.12
534,20211007,46250,46900,46250,46750,269863,30.11
535,20211008,46500,46950,45900,46100,225023,30.15
536,20211012,46050,46200,45400,46150,218812,30.17
537,20211013,46150,46950,45900,46650,263957,30.13
538,20211014,47150,47600,46700,47100,240254,30.1
539,20211015,47350,47500,47000,47450,200205,30.09
540,20211018,47400,47700,46900,47600,195803,30.13
541,20211019,47800,48250,47750,48150,176178,30.16
542,20211020,48300,48700,48150,48550,224543,30.26
543,20211021,48200,49200,48100,48800,250800,30.26
544,20211022,48650,48900,48150,48250,163427,30.18
545,20211025,48200,48700,47900,48650,200005,30.21
546,20211026,48750,48950,48400,48950,155141,30.25
547,20211027,48950,49300,48650,48800,219016,30.24
548,20211028,48750,48950,47750,47750,233336,30.19
549,20211029,47950,48050,47000,47350,252719,30.16
550,20211101,47450,47600,47000,47400,196575,30.1
551,20211102,47450,47800,47150,47350,251153,30.03
552,20211103,47400,47450,46700,47000,260461,30.03
553,20211104,47300,47800,47150,47150,192728,30.02
554,20211105,47250,47550,46500,46950,212044,29.97
555,20211108,47450,47500,46850,47300,200044,29.94
556,20211109,47350,48300,47300,48100,288070,30.02
557,20211110,47600,48350,47600,47850,230860,30.01
558,20211111,47500,48000,47000,47250,268912,29.95
559,20211112,47350,48200,47350,48050,186552,29.98
560,20211115,48350,48400,47950,48400,222192,29.99
561,20211116,48300,48900,48050,48700,252946,30.03
562,20211117,49000,49000,47650,47800,257500,29.99
563,20211118,47500,47800,47350,47800,177514,29.95
564,20211119,47350,47550,47100,47500,252020,29.91
565,20211122,47450,47850,47300,47800,174529,29.86
566,20211123,47300,47600,47000,47000,242616,29.74
567,20211124,47200,47350,46900,47000,211445,29.72
568,20211125,46950,47050,46700,46800,158838,29.71
569,20211126,46700,46800,45950,46000,268065,29.69
570,20211129,45000,45700,44900,45150,358450,29.67
571,20211130,45700,45700,43800,44350,593090,29.61
572,20211201,44400,45200,43900,45000,355242,29.53
573,20211202,44500,46000,44450,46000,267640,29.58
574,20211203,45950,47000,45350,46750,325854,29.54
575,20211206,46700,48700,46500,48600,654713,29.75
576,20211207,48750,48950,48400,48550,276421,29.74
577,20211208,48950,49500,48750,49000,379614,29.81
578,20211209,49100,49600,49000,49250,397599,29.78
579,20211210,49200,49450,48900,49300,310897,29.76
580,20211213,49400,50000,49300,49450,413854,29.72
581,20211214,49450,49900,49200,49500,333082,29.69
582,20211215,49550,49650,49200,49500,191337,29.67
583,20211216,49550,49700,49250,49600,323831,29.58
584,20211217,49300,50300,49300,50300,663669,29.69
585,20211220,50100,50500,49350,49350,496863,29.65
586,20211221,49500,49950,49400,49550,390979,29.56
587,20211222,49800,49850,49250,49550,384024,29.53
588,20211223,49750,49750,49400,49400,488093,29.42
589,20211224,49500,49650,49450,49550,482229,29.41
590,20211227,49650,49900,49550,49650,753780,29.36
591,20211228,49750,49800,49050,49700,1514808,29.29
592,20211229,46200,46450,45500,45550,2003377,28.89
593,20211230,45550,45600,44850,44900,515203,28.9
594,20220103,44950,45050,44050,44200,561222,28.92
595,20220104,44300,44450,43850,44450,463133,28.93
596,20220105,44300,44550,44050,44200,429352,29.04
597,20220106,43650,44000,42350,42500,781469,28.99
598,20220107,42550,43150,42150,43000,513193,29.15
599,20220110,43000,43050,42250,42650,296322,29.2
600,20220111,42450,42950,42150,42150,338929,29.2
601,20220112,42300,43100,42300,42900,392142,29.24
602,20220113,42900,43500,42850,43350,369227,29.28
603,20220114,43050,43050,42300,42550,338546,29.29
604,20220117,42450,42500,42000,42100,272058,29.31
605,20220118,42100,42350,41600,41900,244149,29.41
606,20220119,41450,42250,41250,41650,245082,29.45
607,20220120,42000,42150,41400,42050,221919,29.46
608,20220121,41750,42300,41450,42050,250545,29.53
609,20220124,41750,42050,41000,41250,293839,29.51
610,20220125,41150,41150,39950,40150,387750,29.56
611,20220126,40050,40850,40050,40450,224634,29.58
612,20220127,40950,40950,39050,39450,405999,29.65
613,20220128,39800,40250,39350,40000,302475,29.66
614,20220203,40950,41850,40800,41500,350688,29.71
615,20220204,41600,41900,41400,41850,212183,29.69
616,20220207,42200,42200,41250,41900,250957,29.64
617,20220208,42250,42750,42050,42650,327124,29.69
618,20220209,42700,42950,42150,42900,354990,29.73
619,20220210,42700,42900,42300,42750,352115,29.81
620,20220211,42450,43100,42300,42800,247173,29.95
621,20220214,42400,42650,41800,42000,231989,29.97
622,20220215,42100,42200,41500,41900,203347,30.0
623,20220216,42300,43100,42000,42200,224670,29.98
624,20220217,42450,42550,41900,42250,292118,29.99
625,20220218,42050,42550,41850,42400,187478,30.04
626,20220221,42000,42700,41950,42600,193340,30.07
627,20220222,42100,42450,41650,42050,278172,30.15
628,20220223,42300,42650,41950,42550,208604,30.18
629,20220224,42000,42350,41500,41700,282582,30.17
630,20220225,41850,42450,41650,42250,222261,30.21
631,20220228,42200,42450,41900,42300,404428,30.24
632,20220302,42300,42400,41950,42200,224541,30.23
633,20220303,42200,42900,42200,42800,188851,30.23
634,20220304,42800,42800,42000,42250,225157,30.13
635,20220307,41900,41900,40850,41050,299718,30.03
636,20220308,40250,41300,40250,41000,184106,30.03
637,20220310,41900,42000,41300,41750,353549,29.91
638,20220311,41600,41800,40700,41200,259582,29.91
639,20220314,41000,41250,40800,41150,224063,29.93
640,20220315,40900,41100,40050,40300,410770,29.98
641,20220316,40700,40900,40200,40900,340104,30.03
642,20220317,41300,42800,41300,42550,644279,30.2
643,20220318,42150,42650,41950,42500,486881,30.13
644,20220321,42500,42500,41400,41500,229248,30.1
645,20220322,41700,41800,41500,41600,155916,30.11
646,20220323,41700,42100,41600,41750,313955,30.16
647,20220324,41500,41600,41300,41400,177218,30.13
648,20220325,41500,41750,41350,41700,178471,30.16
649,20220328,41500,41850,41300,41650,183137,30.19
650,20220329,41850,42150,41650,41950,227559,30.18
651,20220330,42200,42250,41850,42050,149406,30.08
652,20220331,41950,42200,41850,41900,225233,30.13
653,20220401,41850,42300,41600,42200,206516,30.22
654,20220404,42200,42200,41850,42200,200004,30.2
655,20220405,42250,42250,41700,41850,186434,30.15
656,20220406,41600,41650,40750,40800,505483,30.05
657,20220407,40700,40900,40550,40550,291825,30.0
658,20220408,40800,41150,40550,40850,166351,30.02
659,20220411,40900,41250,40600,41050,155289,30.04
660,20220412,41000,41050,40500,40500,267998,29.99
661,20220413,40850,41100,40600,41100,198778,30.01
662,20220414,41050,41250,40750,40950,329760,30.09
663,20220415,40850,40900,40550,40600,205532,30.09
664,20220418,40650,40650,40300,40500,193443,30.05
665,20220419,40550,40950,40400,40850,267788,30.08
666,20220420,40650,40700,40100,40100,602606,29.8
667,20220421,40200,40600,40100,40250,271756,29.79
668,20220422,40200,40200,39850,40000,399053,29.8
669,20220425,39700,39900,39350,39350,357924,29.7
670,20220426,39450,39650,39250,39350,221892,29.65
671,20220427,38600,38800,38550,38650,295559,29.55
672,20220428,38850,39100,38600,39100,216928,29.54
673,20220429,39150,39950,38900,39700,263585,29.49
674,20220502,39350,40100,39200,39750,239547,29.47
675,20220503,39750,40050,39500,39600,170509,29.45
676,20220504,39700,39900,39500,39600,183928,29.42
677,20220506,39300,39400,39000,39100,288741,29.33
678,20220509,38900,39100,38250,38350,364856,29.17
679,20220510,37650,38100,37300,37950,443798,29.05
680,20220511,37850,37950,37500,37600,225131,29.01
681,20220512,37350,37600,37000,37000,382020,28.94
682,20220513,37000,38300,36950,38050,350246,28.87
683,20220516,38200,38300,37300,37300,353350,28.67
684,20220517,37500,37800,37350,37700,295016,28.57
685,20220518,37800,38250,37700,37850,295678,28.53
686,20220519,36750,37400,36750,36950,433661,28.48
687,20220520,37250,37850,37100,37800,321688,28.48
688,20220523,37800,38000,37300,37950,281252,28.43
689,20220524,38000,38600,37850,37950,233676,28.47
690,20220525,38300,38450,37850,38250,167435,28.44
691,20220526,38200,38600,37950,38550,227341,28.48
692,20220527,38600,39200,38550,39150,268715,28.46
693,20220530,39500,39550,39300,39450,195297,28.46
694,20220531,39450,39650,39100,39650,704892,28.49
695,20220602,39550,39550,39100,39100,192134,28.47
696,20220603,39050,39450,38900,39000,137023,28.43
697,20220607,38850,38900,38350,38350,282058,28.51
698,20220608,38550,38600,38200,38200,119777,28.48
699,20220609,38100,38200,37800,38150,312528,28.42
700,20220610,38150,38400,37750,38400,224448,28.41
701,20220613,37750,37900,37050,37050,350087,28.24
702,20220614,36550,36800,36200,36800,432570,28.1
703,20220615,36650,36900,36000,36150,281483,28.11
704,20220616,36600,36600,35950,35950,302461,28.03
705,20220617,35000,35650,34900,35550,324109,28.02
706,20220620,35450,35550,34600,34850,263646,28.0
707,20220621,35000,35600,34600,35350,175563,27.97
708,20220622,35500,35550,34100,34100,240980,27.96
709,20220623,34000,34500,33350,33600,313237,27.97
710,20220624,33450,34550,33300,34450,278275,27.95
711,20220627,34800,34800,34200,34550,182215,27.92
712,20220628,34550,34650,34000,34400,497668,27.9
713,20220629,33950,34150,33850,33950,146534,27.91
714,20220630,34000,34000,33450,33450,181054,27.85
715,20220701,33850,34150,33350,33650,209061,27.87
716,20220704,33750,34100,33400,33900,246946,27.89
717,20220705,34150,34800,33900,34550,312688,27.81
718,20220706,34050,34250,33000,33250,419260,27.71
719,20220707,33500,33500,33050,33250,293727,27.69
720,20220708,33450,33900,33350,33650,234062,27.74
721,20220711,33750,33750,33050,33150,170657,27.67
722,20220712,32750,32800,31500,31650,545322,27.43
723,20220713,31800,32150,31650,31650,269971,27.45
724,20220714,31450,31600,31200,31400,302749,27.46
725,20220715,31450,31500,30300,31300,416159,27.4
726,20220718,31600,33200,31500,33050,498072,27.45
727,20220719,32800,33000,32400,32550,255173,27.42
728,20220720,33250,34000,33150,33350,384252,27.46
729,20220721,33150,34000,33050,34000,348497,27.47
730,20220722,33750,34100,33550,33900,171817,27.4
731,20220725,33500,34250,33500,34150,179414,27.41
732,20220726,34150,34350,33900,34350,126489,27.4
733,20220727,34250,34350,33900,34200,180819,27.39
734,20220728,34400,34950,34150,34350,158169,27.38
735,20220729,34500,35000,34400,35000,339371,27.47
736,20220801,35050,35050,34350,34550,216699,27.4
737,20220802,34250,34400,33850,34100,179487,27.38
738,20220803,34000,34300,33850,34150,128911,27.37
739,20220804,34450,34550,34200,34500,176592,27.41
740,20220805,34600,35300,34500,35150,250880,27.45
741,20220808,35050,35350,34850,35150,144122,27.45
742,20220809,35150,35650,35100,35500,171901,27.44
743,20220810,35500,35600,34950,34950,156738,27.39
744,20220811,35300,35550,35300,35500,173233,27.39
745,20220812,35500,36000,35400,35700,255336,27.37
746,20220816,35900,36000,35450,35450,240895,27.24
747,20220817,35650,36050,35600,35800,260745,27.27
748,20220818,35550,35800,35100,35100,357012,27.15
749,20220819,35150,35150,34750,35000,197068,27.2
750,20220822,34800,34800,34200,34350,208458,27.22
751,20220823,34000,34200,33650,33750,279354,27.16
752,20220824,33750,34050,33700,33800,135164,27.15
753,20220825,33950,34350,33900,34100,141233,27.15
754,20220826,34250,34500,34150,34500,124891,27.13
755,20220829,33700,33800,33350,33550,175294,27.09
756,20220830,33600,34000,33450,34000,123198,27.07
757,20220831,33750,34050,33500,33900,226312,27.08
758,20220901,33650,33850,33300,33300,243676,27.07
759,20220902,33350,33500,33100,33300,160828,27.21
760,20220905,33200,33950,33150,33650,149489,27.25
761,20220906,33800,33950,33600,33800,92304,27.26
762,20220907,33600,33650,32800,32900,231598,27.14
763,20220908,33100,33150,32600,32750,300380,27.1
764,20220913,33300,34150,33200,34050,296162,27.19
765,20220914,33050,33700,33000,33450,204771,27.16
766,20220915,33350,33700,33150,33250,116339,27.16
767,20220916,33100,33450,33000,33400,195506,27.06
768,20220919,33500,33950,33400,33650,206250,27.09
769,20220920,34000,34150,33750,34050,153441,27.11
770,20220921,34000,34100,33550,33700,117414,27.08
771,20220922,33300,33300,32900,33250,211113,27.02
772,20220923,32900,33200,32750,32850,181724,27.04
773,20220926,32300,32300,31250,31350,467558,26.9
774,20220927,31350,31650,31050,31600,241060,26.84
775,20220928,31350,31500,30700,31300,271511,26.82
776,20220929,31700,32100,31150,31150,262249,26.86
777,20220930,31100,31200,30700,30750,304468,26.82
778,20221004,31100,31650,30850,30950,304751,26.84
779,20221005,31350,31400,30750,31250,279209,26.9
780,20221006,31250,31600,31100,31550,209434,26.95
781,20221007,31150,31800,31000,31750,198783,26.97
782,20221011,31300,31350,30850,31050,285219,26.93
783,20221012,30850,31300,30650,31300,222730,26.93
784,20221013,31200,31700,31000,31000,220642,27.0
785,20221014,31350,31950,31300,31700,224050,27.04
786,20221017,31400,31650,31100,31400,165973,27.01
787,20221018,31750,31950,31600,31950,203251,27.0
788,20221019,32050,32250,31750,31900,223247,27.02
789,20221020,31650,31700,30300,30600,843551,26.77
790,20221021,30550,30600,30200,30300,345990,26.65
791,20221024,30750,31950,30650,31150,673004,26.91
792,20221025,31350,31350,30450,30500,377616,26.79
793,20221026,30550,30700,30300,30500,288832,26.77
794,20221027,30550,31850,30300,31850,482336,26.92
795,20221028,31850,32350,31700,32000,362420,27.01
796,20221031,32500,32550,31450,31750,276085,26.99
797,20221101,31750,32200,31500,32100,144732,27.02
798,20221102,31900,32200,31700,32200,159016,27.06
799,20221103,31650,31900,31350,31550,213076,27.06
800,20221104,31650,32000,31350,31950,173589,27.06
801,20221107,31850,32700,31850,32700,239653,27.12
802,20221108,32750,33550,32700,33550,369256,27.12
803,20221109,33600,33800,33350,33650,295850,27.12
804,20221110,33150,33650,33100,33450,231462,27.17
805,20221111,34650,35000,34350,34950,518932,27.27
806,20221114,34750,35300,34650,34950,322314,27.37
807,20221115,34950,35150,34650,35000,216618,27.42
808,20221116,35000,35100,34200,34750,241517,27.43
809,20221117,34700,34750,34250,34300,165690,27.45
810,20221118,34150,34700,34150,34250,153532,27.46
811,20221121,34350,34350,33200,33600,307860,27.39
812,20221122,33300,33850,33250,33800,108590,27.38
813,20221123,33950,34350,33750,34250,161217,27.39
814,20221124,34450,35500,34400,35200,292149,27.49
815,20221125,35250,35400,34800,35250,174705,27.47
816,20221128,35000,35200,34500,34600,258885,27.44
817,20221129,34300,35300,34250,35150,145216,27.47
818,20221130,35150,35500,34900,35200,379665,27.46
819,20221201,35650,36050,35600,35750,244448,27.47
820,20221202,35750,35900,35400,35550,247348,27.43
821,20221205,35450,35600,35100,35200,163650,27.37
822,20221206,35000,35400,34800,35100,199593,27.38
823,20221207,35050,35150,34700,34900,177997,27.36
824,20221208,36000,36000,34450,34650,326053,27.29
825,20221209,34650,35200,34550,35000,221682,27.34
826,20221212,34950,35250,34850,35000,134854,27.37
827,20221213,35250,35250,34600,34900,278727,27.37
828,20221214,35050,35250,34850,35250,200341,27.4
829,20221215,35100,35200,34800,34800,124952,27.39
830,20221216,34500,34600,34300,34300,212086,27.32
831,20221219,34300,34700,34200,34350,169782,27.33
832,20221220,34350,34700,34300,34550,179243,27.34
833,20221221,34800,35000,34500,34800,145544,27.37
834,20221222,34900,35250,34850,35250,279153,27.45
835,20221223,35200,35300,35000,35250,264285,27.33
836,20221226,35250,35350,34850,35250,314901,27.29
837,20221227,35250,35400,34850,34950,610236,27.23
838,20221228,32900,33000,32100,32150,791443,27.02
839,20221229,32000,32050,31450,31450,278209,27.09
840,20230102,31250,31400,30350,30400,305400,27.03
841,20230103,30450,31200,30000,31150,351896,27.07
842,20230104,30700,32300,30650,32300,374400,27.13
843,20230105,32300,33650,32000,33400,553209,27.21
844,20230106,32900,33650,32900,33550,302571,27.21
845,20230109,33700,34100,33400,33900,333967,27.27
846,20230110,33850,34350,33750,34200,301281,27.35
847,20230111,34200,34400,33800,33850,214017,27.35
848,20230112,33850,34150,33700,33750,214575,27.44
849,20230113,34000,34750,34000,34650,329141,27.57
850,20230116,34950,35500,34600,35250,371945,27.72
851,20230117,35300,35500,34950,35150,295030,27.76
852,20230118,35150,35350,34900,35050,238834,27.88
853,20230119,34650,35550,34650,35550,273353,27.89
854,20230120,35400,35700,35150,35350,161232,27.91
855,20230125,35100,35600,34950,35400,315030,27.92
856,20230126,35300,35450,34950,35450,218379,27.96
857,20230127,35250,35750,35050,35650,283887,27.99
858,20230130,35350,35500,34400,34500,446693,27.99
859,20230131,34500,34500,33350,33400,543924,27.85
860,20230201,33650,34150,33650,34150,254166,27.9
861,20230202,34400,34650,34150,34200,353756,27.93
862,20230203,34200,34350,33800,34250,199821,27.95
863,20230206,34200,34200,33500,33600,184323,27.94
864,20230207,33550,34050,33550,33750,204839,27.95
865,20230208,33900,35000,33900,34950,360449,28.06
866,20230209,34550,34800,34300,34350,194024,28.04
867,20230210,34000,34600,33800,34350,188398,28.09
868,20230213,34150,34350,33700,34250,280617,28.16
869,20230214,34400,34600,34150,34200,242043,28.15
870,20230215,34100,34200,33050,33150,300543,28.11
871,20230216,33150,33650,33150,33550,212991,28.08
872,20230217,33300,33700,33100,33450,120796,28.12
873,20230220,33450,33650,33150,33450,138236,28.13
874,20230221,33350,33800,33150,33700,206236,28.21
875,20230222,33300,33350,32600,32650,340760,28.21
876,20230223,32700,33400,32700,33250,191567,28.26
877,20230224,33200,33450,32900,32950,293549,28.31
878,20230227,32750,32950,32550,32750,197496,28.31
879,20230228,32850,33500,32750,33500,913289,28.33
880,20230302,33200,33400,32700,32750,313411,28.26
881,20230303,32800,32950,32300,32450,285287,28.25
882,20230306,32700,32850,32350,32650,203967,28.26
883,20230307,32600,32650,32200,32200,183306,28.24
884,20230308,32050,32050,31600,31650,259514,28.18
885,20230309,31700,31950,31500,31650,375755,28.2
886,20230310,31400,31500,31000,31300,225465,28.2
887,20230313,31200,32050,31050,31850,333123,28.3
888,20230314,31750,31750,30950,31000,314298,28.23
889,20230315,31500,31700,30800,30950,238656,28.16
890,20230316,30700,30900,30550,30550,236133,28.09
891,20230317,30900,31250,30800,30950,563548,28.13
892,20230320,31000,31450,30800,30850,167143,28.12
893,20230321,31100,31300,30900,31100,159911,28.12
894,20230322,31400,31550,31050,31100,128761,28.09
895,20230323,31000,31000,30650,31000,224967,28.08
896,20230324,30950,31000,30750,30800,131218,28.07
897,20230327,31000,31000,30500,30850,195541,28.09
898,20230328,30900,31200,30800,31100,140099,28.11
899,20230329,31100,31600,31100,31250,207448,28.15
900,20230330,31400,31450,31050,31200,212725,28.15
901,20230331,31350,31900,31200,31700,310066,28.14
902,20230403,31400,31850,31400,31500,185824,28.15
903,20230404,31500,31700,31300,31650,164343,28.16
904,20230405,31700,32050,31500,31900,236146,28.13
905,20230406,31850,31850,31200,31200,194924,28.07
906,20230407,31250,31950,31100,31900,220651,28.03
907,20230410,31750,32400,31600,32000,293215,28.05
908,20230411,32000,32750,31950,32600,256890,28.01
909,20230412,32650,33050,32600,32900,202515,28.08
910,20230413,32900,33600,32700,33600,365789,28.2
911,20230414,33900,34200,33600,34100,331225,28.27
912,20230417,34000,34600,33900,34400,382031,28.47
913,20230418,34150,34500,34100,34450,230651,28.59
914,20230419,34500,34900,34400,34750,252540,28.63
915,20230420,34750,35150,34500,34900,262304,28.81
916,20230421,34900,35000,34400,34900,258450,28.92
917,20230424,34900,34950,34250,34500,183135,28.99
918,20230425,34550,34650,34000,34250,276324,29.09
919,20230426,33950,34250,33700,34000,290062,29.24
920,20230427,33800,33950,32150,33450,536690,29.33
921,20230428,33700,33850,33250,33850,318545,29.41
922,20230502,33850,34250,33550,34250,276050,29.54
923,20230503,34150,34200,33800,33900,128137,29.57
924,20230504,33700,34400,33700,34350,322974,29.69
925,20230508,34350,35200,34350,35100,529050,29.99
926,20230509,35100,35150,34500,34600,182189,29.98
927,20230510,34700,35000,34500,34800,148278,30.04
928,20230511,34950,35300,34700,34850,288223,30.09
929,20230512,35200,35450,34350,34800,267110,30.1
930,20230515,34550,35100,34550,35100,214926,30.18
931,20230516,35050,35450,35000,35200,242890,30.3
932,20230517,35200,35350,34950,35250,204224,30.39
933,20230518,35250,35350,34900,35150,153257,30.41
934,20230519,35150,35350,34900,35250,240496,30.5
935,20230522,35250,35800,35150,35750,366154,30.63
936,20230523,35800,36100,35750,36000,253685,30.78
937,20230524,35750,36300,35750,36300,258263,30.94
938,20230525,36250,36350,35950,36200,240071,31.02
939,20230526,35900,36100,35600,36000,204399,31.07
940,20230530,36000,36350,35950,36150,267950,31.17
941,20230531,36150,36900,36150,36750,980248,31.36
942,20230601,36650,36950,36000,36250,315385,31.35
943,20230602,36500,36750,36250,36600,178804,31.37
944,20230605,36750,37000,36600,37000,160135,31.45
945,20230607,37200,37400,36950,37050,252733,31.52
946,20230608,37000,37150,36750,37000,273002,31.56
947,20230609,37250,37250,36750,37100,213187,31.62
948,20230612,37150,37150,36400,36750,161416,31.64
949,20230613,36950,37400,36600,37300,271008,31.74
950,20230614,37300,37400,36650,37050,284179,31.83
951,20230615,37000,37000,36400,36600,227092,31.88
952,20230616,36700,36900,36250,36350,323056,31.92
953,20230619,36250,36450,36050,36400,111408,31.98
954,20230620,36200,36450,35850,36100,184985,32.02
955,20230621,36250,36300,35700,36250,271182,32.18
956,20230622,36250,36250,35700,36100,102419,32.2
957,20230623,36000,36100,35350,35600,163379,32.22
958,20230626,35500,36400,35450,36300,156241,32.26
959,20230627,36250,36300,35700,35750,154115,32.26
960,20230628,36300,36300,35650,36000,126509,32.38
961,20230629,35900,36300,35500,35500,131161,32.43
962,20230630,35850,36100,35450,36000,129978,32.48
963,20230703,36100,36250,36000,36200,144180,32.48
964,20230704,36050,36150,35850,35950,87215,32.43
965,20230705,35800,35950,35350,35450,119742,32.44
966,20230706,35500,36150,35000,35200,271975,32.48
967,20230707,34950,35000,34250,34800,185974,32.5
968,20230710,34600,35250,34300,34850,112672,32.52
969,20230711,35000,35350,34800,35350,141504,32.57
970,20230712,35350,35400,34900,35100,124036,32.57
971,20230713,35000,35750,35000,35400,191806,32.61
972,20230714,35800,37000,35600,36900,492757,32.82
973,20230717,36700,36900,36400,36700,196540,32.82
974,20230718,36750,36750,36100,36100,168481,32.84
975,20230719,36500,36800,35950,36200,152437,32.89
976,20230720,35950,36550,35950,36200,184229,32.96
977,20230721,36000,36350,35850,36250,129344,33.01
978,20230724,36150,36150,35300,35400,228870,32.93
979,20230725,35400,35650,35000,35400,136713,33.0
980,20230726,35250,35300,34200,34700,326506,32.99
981,20230727,34700,35800,34700,35800,203490,33.05
982,20230728,35450,35700,35000,35500,128122,33.08
983,20230731,35700,35900,35350,35900,179844,33.1
984,20230801,35600,37200,35550,37050,348395,33.14
985,20230802,36650,36950,36250,36550,167018,33.18
986,20230803,36500,36500,35850,35950,174189,33.17
987,20230804,35950,36600,35700,36500,116769,33.21
988,20230807,36300,37200,36250,36900,235464,33.24
989,20230808,37150,37150,36550,36750,159551,33.27
990,20230809,37000,37050,36100,36350,166269,33.28
991,20230810,36250,36350,35750,35850,164778,33.28
992,20230811,36000,36800,36000,36400,157674,33.34
993,20230814,36500,36550,35900,36100,112883,33.36
994,20230816,35950,36500,35750,36250,149881,33.33
995,20230817,36100,36400,35700,36350,184312,33.37
996,20230818,36000,36750,35850,36200,174035,33.4
997,20230821,36150,36650,35900,36200,150630,33.47
998,20230822,36400,36950,36200,36800,170179,33.52
999,20230823,36800,37000,36550,36650,128591,33.52
