,날짜,시가,고가,저가,종가,거래량,외국인소진율
0,20190807,992,1045,992,1030,140183,3.76
1,20190808,1035,1155,1035,1155,227313,3.76
2,20190809,1155,1180,1135,1155,119087,3.75
3,20190812,1130,1170,1125,1165,65680,3.75
4,20190813,1160,1185,1135,1165,50747,3.74
5,20190814,1105,1200,1105,1190,80772,3.74
6,20190816,1175,1245,1165,1200,149099,3.72
7,20190819,1200,1215,1170,1195,41369,3.71
8,20190820,1195,1220,1180,1220,44033,3.72
9,20190821,1220,1325,1220,1300,172764,3.69
10,20190822,1300,1310,1265,1300,63768,3.68
11,20190823,1295,1310,1270,1310,42623,3.67
12,20190826,1300,1300,1175,1180,214182,3.67
13,20190827,1190,1225,1170,1185,129645,3.68
14,20190828,1185,1220,1185,1210,80661,3.7
15,20190829,1230,1230,1165,1200,68431,3.7
16,20190830,1215,1255,1205,1230,93673,3.71
17,20190902,1230,1280,1200,1250,53513,3.71
18,20190903,1250,1270,1230,1260,26075,3.71
19,20190904,1260,1265,1210,1250,85679,3.71
20,20190905,1250,1275,1240,1255,62719,3.71
21,20190906,1255,1265,1245,1265,40719,3.71
22,20190909,1255,1275,1250,1260,41286,3.71
23,20190910,1260,1275,1250,1270,26681,3.7
24,20190911,1270,1310,1230,1310,56642,3.7
25,20190916,1310,1325,1295,1320,44517,3.7
26,20190917,1325,1325,1305,1315,34774,3.69
27,20190918,1310,1375,1305,1365,149698,3.68
28,20190919,1370,1380,1360,1365,65488,3.64
29,20190920,1370,1505,1350,1385,1028523,3.55
30,20190923,1385,1435,1380,1420,119296,3.56
31,20190924,1425,1425,1380,1410,70337,3.56
32,20190925,1390,1410,1370,1395,84194,3.58
33,20190926,1420,1425,1375,1395,82909,3.6
34,20190927,1410,1415,1380,1410,83682,3.62
35,20190930,1410,1430,1385,1410,85381,3.63
36,20191001,1425,1425,1400,1410,55079,3.62
37,20191002,1410,1425,1390,1410,52752,3.62
38,20191004,1410,1415,1370,1395,84115,3.63
39,20191007,1410,1425,1370,1400,56576,3.62
40,20191008,1400,1400,1375,1385,85936,3.64
41,20191010,1375,1400,1360,1365,56936,3.64
42,20191011,1365,1375,1345,1370,52091,3.65
43,20191014,1380,1450,1380,1425,264558,3.66
44,20191015,1425,1850,1410,1850,9402736,3.7
45,20191016,2005,2010,1670,1670,7757530,3.69
46,20191017,1730,1785,1665,1720,2090921,3.62
47,20191018,1735,1770,1630,1650,1073315,3.62
48,20191021,1650,1715,1600,1650,1000427,3.51
49,20191022,1640,1675,1610,1670,607740,3.48
50,20191023,1685,1710,1635,1665,564952,3.5
51,20191024,1640,1720,1625,1670,824633,3.51
52,20191025,1680,1710,1600,1620,667694,3.52
53,20191028,1600,1675,1580,1585,526622,3.53
54,20191029,1580,1650,1580,1635,407696,3.55
55,20191030,1735,1740,1610,1620,1395337,3.4
56,20191031,1620,1670,1605,1630,220396,3.43
57,20191101,1615,1685,1605,1670,359577,3.46
58,20191104,1685,1750,1650,1725,586607,3.56
59,20191105,1750,1770,1700,1710,467659,3.6
60,20191106,1725,1725,1650,1685,380748,3.62
61,20191107,1685,1705,1655,1660,160395,3.63
62,20191108,1670,1690,1640,1670,190017,3.65
63,20191111,1670,1840,1670,1750,5377831,3.41
64,20191112,1730,1735,1580,1645,1086898,3.51
65,20191113,1650,1675,1610,1615,392856,3.53
66,20191114,1625,1670,1595,1660,328636,3.51
67,20191115,1650,1660,1600,1620,241656,3.52
68,20191118,1615,1640,1600,1620,127200,3.53
69,20191119,1625,1630,1585,1590,214157,3.55
70,20191120,1595,1615,1580,1590,206163,3.45
71,20191121,1590,1600,1520,1540,179346,3.45
72,20191122,1550,1565,1520,1540,123041,3.45
73,20191125,1525,1565,1515,1550,133886,3.49
74,20191126,1540,1570,1540,1570,63531,3.51
75,20191127,1570,1575,1535,1540,55446,3.51
76,20191128,1535,1545,1510,1520,77581,3.51
77,20191129,1520,1595,1510,1535,245392,3.49
78,20191202,1585,1590,1505,1530,162540,3.52
79,20191203,1530,1535,1495,1520,91764,3.53
80,20191204,1500,1515,1475,1495,62343,3.54
81,20191205,1495,1520,1435,1465,204813,3.56
82,20191206,1465,1520,1420,1485,669880,3.61
83,20191209,1490,1490,1410,1445,286400,3.64
84,20191210,1445,1450,1405,1420,228915,3.61
85,20191211,1420,1455,1410,1450,192008,3.67
86,20191212,1450,1465,1440,1465,55553,3.68
87,20191213,1465,1495,1460,1475,109834,3.69
88,20191216,1480,1485,1465,1475,99788,3.67
89,20191217,1475,1495,1465,1490,83263,3.69
90,20191218,1490,1500,1475,1500,57417,3.71
91,20191219,1500,1505,1470,1485,74239,3.72
92,20191220,1485,1495,1470,1475,145382,3.63
93,20191223,1485,1490,1460,1475,53716,3.64
94,20191224,1475,1485,1460,1475,49313,3.66
95,20191226,1475,1485,1460,1480,108018,3.67
96,20191227,1480,1500,1455,1500,67303,3.66
97,20191230,1500,1535,1480,1530,99126,3.69
98,20200102,1540,1550,1510,1545,91769,3.71
99,20200103,1545,1555,1535,1555,64921,3.73
100,20200106,1550,1555,1420,1460,284975,3.72
101,20200107,1460,1485,1455,1470,76681,3.74
102,20200108,1470,1470,1405,1435,147502,3.73
103,20200109,1445,1540,1445,1475,126275,3.69
104,20200110,1480,1500,1470,1495,76083,3.7
105,20200113,1495,1585,1485,1585,584607,3.71
106,20200114,1585,1585,1550,1565,165828,3.74
107,20200115,1565,1585,1550,1575,148575,3.75
108,20200116,1570,1580,1540,1565,114664,3.75
109,20200117,1565,1600,1555,1595,301941,3.8
110,20200120,1600,1615,1570,1590,215581,3.76
111,20200121,1590,1595,1535,1570,92302,3.74
112,20200122,1545,1580,1535,1575,70806,3.76
113,20200123,1575,1595,1540,1590,132792,3.75
114,20200128,1505,1515,1410,1470,326540,3.75
115,20200129,1470,1545,1455,1490,154982,3.75
116,20200130,1485,1495,1440,1475,68980,3.73
117,20200131,1450,1470,1420,1450,98605,3.71
118,20200203,1380,1435,1360,1435,173971,3.7
119,20200204,1435,1455,1420,1440,93196,3.7
120,20200205,1445,1470,1440,1470,72515,3.7
121,20200206,1480,1495,1460,1490,124146,3.72
122,20200207,1495,1505,1470,1490,43761,3.72
123,20200210,1490,1505,1450,1505,80822,3.72
124,20200211,1505,1515,1485,1505,52147,3.72
125,20200212,1505,1570,1490,1520,137027,3.72
126,20200213,1520,1630,1505,1510,1521313,3.84
127,20200214,1495,1530,1485,1515,172752,3.87
128,20200217,1515,1535,1485,1530,148587,3.88
129,20200218,1520,1555,1490,1520,203588,3.9
130,20200219,1510,1525,1465,1505,119097,3.9
131,20200220,1500,1500,1450,1485,76305,3.89
132,20200221,1455,1475,1415,1425,160191,3.89
133,20200224,1390,1390,1275,1280,463604,3.92
134,20200225,1260,1325,1260,1310,159141,3.96
135,20200226,1290,1335,1280,1315,59680,3.96
136,20200227,1290,1325,1260,1290,130291,3.98
137,20200228,1260,1275,1200,1215,155947,3.97
138,20200302,1200,1245,1190,1225,165740,3.98
139,20200303,1225,1265,1225,1255,66371,3.99
140,20200304,1250,1285,1240,1285,61413,3.98
141,20200305,1295,1325,1295,1325,98814,3.77
142,20200306,1280,1310,1270,1310,98326,3.76
143,20200309,1265,1295,1200,1245,140615,3.73
144,20200310,1205,1245,1185,1245,183654,3.71
145,20200311,1270,1270,1180,1210,143586,3.77
146,20200312,1165,1190,1050,1060,461734,3.75
147,20200313,862,1080,862,1080,584091,3.78
148,20200316,1060,1095,970,970,377420,3.7
149,20200317,868,984,868,982,396149,3.66
150,20200318,970,1005,939,956,350094,3.64
151,20200319,956,960,823,845,518916,3.6
152,20200320,825,899,825,884,306692,3.58
153,20200323,808,850,776,804,379761,3.56
154,20200324,795,841,795,837,173209,3.54
155,20200325,845,915,845,915,399100,3.61
156,20200326,917,984,917,967,296011,3.62
157,20200327,980,1080,951,990,301909,3.52
158,20200330,980,980,929,968,154946,3.48
159,20200331,969,999,969,992,275379,3.48
160,20200401,992,1090,970,1020,422524,3.48
161,20200402,1025,1025,951,1015,165111,3.42
162,20200403,1030,1040,999,1020,160364,3.41
163,20200406,1025,1115,1020,1105,368586,3.49
164,20200407,1115,1180,1115,1170,325783,3.5
165,20200408,1155,1205,1130,1190,233993,3.51
166,20200409,1205,1215,1180,1205,138090,3.49
167,20200410,1205,1250,1135,1250,571072,3.48
168,20200413,1430,1625,1425,1570,17007951,3.25
169,20200414,1510,1655,1415,1440,7810900,3.19
170,20200416,1465,1565,1445,1560,4316609,3.11
171,20200417,1570,1595,1520,1565,2052960,3.14
172,20200420,1575,1590,1530,1540,1212921,3.16
173,20200421,1505,1550,1430,1520,1137392,3.2
174,20200422,1470,1660,1450,1550,3598618,3.13
175,20200423,1550,1600,1525,1585,915845,3.15
176,20200424,1570,1580,1520,1535,682012,3.13
177,20200427,1550,1575,1535,1545,574788,3.13
178,20200428,1560,1760,1555,1650,6052778,3.14
179,20200429,1650,1660,1580,1590,1086309,3.12
180,20200504,1565,1580,1510,1570,525952,3.16
181,20200506,1580,1615,1560,1565,571750,3.16
182,20200507,1575,1585,1555,1580,586896,3.16
183,20200508,1590,1615,1580,1585,514287,3.2
184,20200511,1585,1680,1550,1580,1125407,3.19
185,20200512,1580,1580,1530,1560,541078,3.23
186,20200513,1540,1605,1515,1605,554491,3.28
187,20200514,1610,1615,1550,1585,436765,3.26
188,20200515,1590,1590,1525,1550,482923,3.31
189,20200518,1530,1555,1505,1550,332452,3.4
190,20200519,1555,1640,1545,1630,1841061,3.63
191,20200520,1655,1655,1600,1625,922547,3.46
192,20200521,1640,1650,1595,1630,728937,3.44
193,20200522,1645,1645,1555,1570,669815,3.41
194,20200525,1555,1575,1535,1565,471914,3.5
195,20200526,1565,1585,1545,1580,561085,3.55
196,20200527,1590,1675,1570,1635,1817197,3.53
197,20200528,1640,1640,1545,1585,695301,3.49
198,20200529,1555,1590,1530,1570,382970,3.48
199,20200601,1580,1625,1540,1610,948826,3.6
200,20200602,1620,1640,1590,1620,781907,3.57
201,20200603,1630,1630,1555,1590,689101,3.55
202,20200604,1605,1610,1560,1590,412663,3.56
203,20200605,1595,1740,1585,1680,2373191,3.88
204,20200608,1700,1705,1650,1675,747538,3.85
205,20200609,1675,1690,1640,1670,695898,3.85
206,20200610,1670,1835,1605,1625,5207555,3.92
207,20200611,1625,1630,1565,1590,950911,3.8
208,20200612,1505,1540,1410,1535,495399,3.8
209,20200615,1525,1525,1350,1395,952630,3.7
210,20200616,1405,1455,1405,1450,519833,3.57
211,20200617,1420,1460,1400,1440,318263,3.45
212,20200618,1450,1450,1415,1440,162159,3.43
213,20200619,1440,1450,1405,1430,165254,3.41
214,20200622,1425,1435,1410,1430,102130,3.41
215,20200623,1430,1470,1405,1430,448733,3.39
216,20200624,1435,1440,1410,1425,188216,3.38
217,20200625,1395,1420,1380,1420,222434,3.37
218,20200626,1420,1430,1385,1420,223481,3.35
219,20200629,1400,1490,1380,1390,625518,3.33
220,20200630,1395,1590,1395,1500,3809872,3.32
221,20200701,1495,1500,1415,1435,614969,3.33
222,20200702,1435,1595,1435,1555,2695377,3.28
223,20200703,1530,2005,1510,1830,38843325,3.02
224,20200706,1870,1900,1765,1890,8019281,3.11
225,20200707,1865,1870,1780,1825,2951354,3.18
226,20200708,1815,1915,1765,1830,4716811,3.08
227,20200709,1830,1860,1785,1805,1486465,3.05
228,20200710,1800,1805,1715,1755,1706948,3.41
229,20200713,1765,1830,1730,1795,1608993,3.36
230,20200714,1765,1820,1740,1820,1252139,3.55
231,20200715,1830,1830,1740,1780,1056819,3.29
232,20200716,1780,1785,1730,1765,833004,3.36
233,20200717,1755,1810,1735,1780,795133,3.38
234,20200720,1780,1780,1715,1745,1615749,3.35
235,20200721,1885,1960,1790,1800,8333755,3.01
236,20200722,1780,1795,1700,1730,1572152,3.07
237,20200723,1735,1840,1655,1800,3220856,3.03
238,20200724,1750,1780,1715,1755,1042633,3.05
239,20200727,1760,1775,1725,1755,481587,3.04
240,20200728,1745,1765,1700,1715,634828,3.05
241,20200729,1730,1730,1660,1670,610009,3.06
242,20200730,1675,1695,1665,1690,425159,3.07
243,20200731,1685,1710,1665,1700,563056,3.06
244,20200803,1700,1950,1655,1750,10102408,3.02
245,20200804,1740,1750,1705,1730,857960,3.05
246,20200805,1740,1810,1735,1765,1505806,3.02
247,20200806,1780,1790,1750,1790,659167,3.02
248,20200807,1795,1795,1740,1755,551563,3.01
249,20200810,1755,1790,1740,1775,506270,3.03
250,20200811,1770,1770,1720,1745,450800,3.02
251,20200812,1745,1790,1720,1770,873996,3.11
252,20200813,1815,1870,1785,1800,2634885,3.42
253,20200814,1815,1875,1770,1855,1849360,3.54
254,20200818,1860,1880,1700,1705,1518982,3.36
255,20200819,1710,1850,1680,1815,1621456,3.55
256,20200820,1815,1815,1660,1710,1405374,3.2
257,20200821,1730,1730,1645,1685,662864,3.2
258,20200824,1670,1685,1605,1635,905264,3.19
259,20200825,1635,1670,1625,1650,434108,3.24
260,20200826,1665,1670,1600,1645,466877,3.17
261,20200827,1650,1655,1600,1610,484746,3.13
262,20200828,1615,1685,1615,1630,853474,3.15
263,20200831,1640,1715,1625,1700,993108,3.06
264,20200901,1720,1720,1670,1670,452893,3.03
265,20200902,1680,1695,1665,1685,314582,3.03
266,20200903,1695,1745,1660,1725,860446,3.1
267,20200904,1665,1705,1630,1700,564840,3.16
268,20200907,1725,1725,1675,1700,625340,3.14
269,20200908,1700,1805,1685,1750,2398174,3.15
270,20200909,1700,1740,1690,1720,779726,3.02
271,20200910,1730,1730,1690,1720,346019,3.02
272,20200911,1720,1760,1700,1750,476996,3.1
273,20200914,1760,1795,1750,1770,479325,3.11
274,20200915,1780,1785,1735,1770,514571,3.1
275,20200916,1765,1860,1750,1790,1570557,3.02
276,20200917,1795,1795,1730,1740,433509,2.95
277,20200918,1750,1760,1715,1720,321029,2.93
278,20200921,1720,1820,1720,1790,1318707,3.0
279,20200922,1795,1795,1735,1775,754373,3.02
280,20200923,1790,1820,1705,1735,1144150,2.95
281,20200924,1685,1725,1640,1680,703835,2.94
282,20200925,1690,1735,1660,1675,344314,2.93
283,20200928,1700,1830,1680,1755,2827849,3.05
284,20200929,1765,1795,1730,1760,851954,2.91
285,20201005,1760,1760,1675,1750,997240,2.9
286,20201006,1740,1750,1710,1730,553980,2.88
287,20201007,1700,1740,1700,1740,364950,2.88
288,20201008,1740,1740,1710,1710,378060,2.88
289,20201012,1730,1800,1700,1800,1522491,3.08
290,20201013,1780,1800,1750,1780,903168,3.03
291,20201014,1770,1890,1765,1865,4319959,3.2
292,20201015,1850,1885,1705,1755,2343494,2.93
293,20201016,1750,1755,1655,1680,942363,2.89
294,20201019,1680,1695,1600,1640,738157,2.93
295,20201020,1640,1660,1605,1640,305510,2.94
296,20201021,1650,1670,1635,1650,245815,2.92
297,20201022,1650,1655,1615,1635,234486,2.92
298,20201023,1640,1640,1600,1630,261575,2.93
299,20201026,1625,1625,1565,1585,404043,2.89
300,20201027,1565,1585,1535,1560,274606,2.89
301,20201028,1550,1580,1535,1575,128139,2.89
302,20201029,1535,1555,1505,1545,304702,2.92
303,20201030,1540,1560,1500,1525,200953,2.9
304,20201102,1510,1535,1495,1520,99570,2.9
305,20201103,1515,1570,1495,1545,353511,2.92
306,20201104,1545,1560,1525,1530,179299,2.91
307,20201105,1535,1575,1530,1560,224220,2.9
308,20201106,1540,1570,1540,1565,197750,2.92
309,20201109,1570,1580,1555,1580,188817,2.91
310,20201110,1650,1655,1585,1585,490329,2.85
311,20201111,1585,1605,1565,1600,161831,2.85
312,20201112,1600,1605,1580,1600,207132,2.86
313,20201113,1580,1610,1580,1610,203137,2.86
314,20201116,1615,1635,1600,1635,201174,2.87
315,20201117,1635,1635,1590,1605,218574,2.88
316,20201118,1615,2000,1595,1780,24475869,2.84
317,20201119,1800,1885,1775,1805,6188358,2.87
318,20201120,1800,1805,1745,1770,1449342,2.96
319,20201123,1775,1810,1755,1805,1222188,2.98
320,20201124,1815,1820,1780,1780,985614,2.97
321,20201125,1805,1870,1770,1815,4405722,2.99
322,20201126,1820,1820,1770,1790,895789,2.97
323,20201127,1810,1860,1790,1790,1094524,2.94
324,20201130,1805,1825,1760,1790,774489,2.98
325,20201201,1785,1810,1765,1770,532216,2.95
326,20201202,1770,1785,1755,1760,539792,3.0
327,20201203,1755,1820,1750,1800,1301254,3.22
328,20201204,1820,1820,1745,1760,959392,3.04
329,20201207,1760,1765,1705,1720,621846,3.04
330,20201208,1720,1755,1705,1705,455446,3.06
331,20201209,1710,1735,1705,1725,331488,3.16
332,20201210,1730,1730,1700,1720,284621,3.12
333,20201211,1715,1785,1700,1720,1033705,3.06
334,20201214,1705,1730,1695,1715,376419,2.97
335,20201215,1725,1725,1685,1710,372046,2.9
336,20201216,1710,1715,1675,1680,441187,2.92
337,20201217,1680,1690,1625,1655,540449,2.93
338,20201218,1645,1675,1635,1655,331174,2.95
339,20201221,1660,1665,1605,1615,447742,2.89
340,20201222,1620,1620,1530,1545,593278,2.87
341,20201223,1550,1585,1530,1560,398495,2.86
342,20201224,1555,1605,1550,1585,306850,2.88
343,20201228,1620,1620,1545,1560,323493,2.88
344,20201229,1560,1600,1550,1600,272695,2.93
345,20201230,1585,1655,1580,1630,632481,2.92
346,20210104,1620,1700,1610,1655,860916,2.82
347,20210105,1655,1675,1620,1645,510708,2.81
348,20210106,1645,1665,1620,1620,362971,2.81
349,20210107,1620,1630,1605,1615,416862,2.82
350,20210108,1615,1630,1575,1600,501539,2.84
351,20210111,1605,1610,1550,1555,600440,2.85
352,20210112,1550,1595,1550,1585,584262,2.89
353,20210113,1590,1645,1575,1635,751662,3.08
354,20210114,1650,1650,1600,1620,518804,2.99
355,20210115,1615,1655,1600,1640,485029,3.04
356,20210118,1640,1720,1605,1615,2632193,2.95
357,20210119,1615,1640,1590,1625,688751,2.99
358,20210120,1640,1725,1610,1695,2318039,3.07
359,20210121,1685,1735,1655,1665,1081365,3.09
360,20210122,1675,1775,1660,1710,3570857,3.1
361,20210125,1720,1735,1695,1715,810645,3.05
362,20210126,1725,1730,1670,1690,612435,3.05
363,20210127,1705,1760,1700,1725,1131622,3.09
364,20210128,1710,1750,1660,1680,892783,3.01
365,20210129,1685,1690,1575,1625,876589,2.91
366,20210201,1600,1665,1575,1630,479189,2.89
367,20210202,1635,1715,1625,1700,768042,3.06
368,20210203,1725,1735,1695,1710,606170,3.14
369,20210204,1730,1735,1670,1700,810177,3.12
370,20210205,1705,1725,1680,1700,508345,3.1
371,20210208,1715,1760,1665,1750,1482738,3.32
372,20210209,1750,1750,1685,1685,871525,3.09
373,20210210,1695,1780,1670,1725,2686313,3.16
374,20210215,1730,1760,1720,1740,868694,3.2
375,20210216,1755,1840,1720,1760,3916048,3.09
376,20210217,1765,1795,1730,1780,1207975,3.22
377,20210218,1790,1810,1745,1760,1239473,3.21
378,20210219,1740,1760,1670,1715,909581,3.13
379,20210222,1720,1810,1715,1750,2031057,3.28
380,20210223,1730,1745,1700,1710,691700,3.19
381,20210224,1730,1735,1650,1660,642181,3.13
382,20210225,1685,1730,1670,1720,562509,3.14
383,20210226,1670,1685,1645,1670,731792,3.13
384,20210302,1700,1710,1645,1665,464163,3.09
385,20210303,1675,1710,1645,1700,399152,3.13
386,20210304,1690,1705,1660,1705,454991,3.19
387,20210305,1670,1710,1660,1710,478630,3.19
388,20210308,1715,1760,1695,1720,827818,3.25
389,20210309,1720,1730,1670,1695,496916,3.27
390,20210310,1700,1775,1695,1750,1322335,3.5
391,20210311,1765,1775,1735,1770,705541,3.49
392,20210312,1770,1775,1710,1735,1078702,3.47
393,20210315,1735,1775,1720,1770,740305,3.6
394,20210316,1800,1815,1740,1755,1124172,3.49
395,20210317,1750,1770,1730,1750,424631,3.56
396,20210318,1750,1765,1715,1725,362549,3.57
397,20210319,1715,1740,1710,1735,226903,3.62
398,20210322,1740,1740,1705,1720,347606,3.62
399,20210323,1720,1730,1705,1705,289215,3.57
400,20210324,1720,1790,1690,1790,1559598,3.88
401,20210325,1785,1795,1760,1770,928990,3.82
402,20210326,1770,1830,1760,1790,1729848,3.65
403,20210329,1800,1815,1775,1790,800114,3.75
404,20210330,1790,1820,1780,1805,838599,3.91
405,20210331,1815,1850,1805,1820,1579997,4.09
406,20210401,1820,1825,1780,1785,752270,4.05
407,20210402,1795,1815,1785,1805,751447,4.23
408,20210405,1805,1895,1795,1870,2599933,4.64
409,20210406,1880,1885,1815,1830,1113414,4.37
410,20210407,1830,1880,1825,1850,909739,4.47
411,20210408,1860,1965,1845,1900,3416490,4.08
412,20210409,1890,1935,1885,1900,742784,4.13
413,20210412,1915,1945,1885,1905,942709,4.14
414,20210413,1945,1955,1880,1885,1414137,4.13
415,20210414,1885,1895,1850,1880,674111,4.2
416,20210415,1870,1885,1850,1875,609947,4.27
417,20210416,1875,1900,1860,1880,387054,4.28
418,20210419,1890,1900,1850,1865,465476,4.17
419,20210420,1855,1870,1850,1860,389271,4.19
420,20210421,1860,1870,1810,1810,703890,4.18
421,20210422,1820,1855,1815,1855,512085,4.22
422,20210423,1850,1855,1815,1830,363219,4.17
423,20210426,1835,1845,1745,1770,1057031,4.23
424,20210427,1780,1780,1745,1750,387381,4.15
425,20210428,1755,1760,1710,1715,413723,4.09
426,20210429,1715,1750,1710,1730,293657,4.03
427,20210430,1720,1745,1675,1695,521215,3.96
428,20210503,1700,1720,1680,1695,255869,3.91
429,20210504,1680,1700,1645,1685,377168,3.84
430,20210506,1680,1710,1660,1705,287154,3.82
431,20210507,1705,1725,1685,1710,408201,3.79
432,20210510,1725,1750,1710,1745,388388,3.74
433,20210511,1745,1755,1715,1750,414949,3.7
434,20210512,1750,1755,1690,1715,325427,3.6
435,20210513,1700,1735,1680,1705,391448,3.6
436,20210514,1720,1725,1700,1720,154738,3.56
437,20210517,1725,1750,1720,1720,315382,3.52
438,20210518,1725,1810,1715,1800,1485183,3.61
439,20210520,1780,1800,1745,1775,540931,3.63
440,20210521,1775,1785,1720,1740,466194,3.53
441,20210524,1745,1770,1715,1750,391126,3.5
442,20210525,1760,1810,1750,1805,801078,3.7
443,20210526,1805,1820,1780,1810,1203771,3.74
444,20210527,2050,2075,1855,1855,15494422,3.32
445,20210528,1885,2410,1870,2410,26057819,3.33
446,20210531,2595,2950,2480,2780,71846639,3.08
447,20210601,2750,2850,2710,2780,17769900,3.34
448,20210602,3185,3490,2940,3255,64212983,2.92
449,20210603,3175,3320,3135,3280,4152966,2.94
450,20210604,3300,3300,3210,3235,1977140,2.94
451,20210607,3260,3500,3260,3500,4724072,2.94
452,20210608,3245,3375,3000,3175,7514979,2.93
453,20210609,3120,3135,2870,2975,5745599,2.93
454,20210610,2975,3065,2835,2930,3901753,2.98
455,20210611,2930,3080,2840,3070,4032331,3.04
456,20210614,2995,3060,2920,2970,2165166,3.06
457,20210615,2970,3230,2970,3060,6153176,3.13
458,20210616,3060,3115,2980,3115,2005851,3.15
459,20210617,3130,3370,3060,3370,8099555,3.17
460,20210618,3680,3695,3160,3230,13375318,2.98
461,20210621,3100,3135,3005,3040,2364952,3.11
462,20210622,3040,3145,2980,3100,2518191,3.03
463,20210623,3100,3300,3005,3135,5462379,3.05
464,20210624,3080,3090,3015,3030,1417266,3.09
465,20210625,2965,3025,2875,2910,2209288,3.09
466,20210628,2880,2955,2830,2930,1320983,3.13
467,20210629,3000,3470,2955,3450,26447465,3.58
468,20210630,3710,3965,3235,3300,49293674,3.19
469,20210701,3255,3465,3195,3320,9556952,3.16
470,20210702,3290,3295,3160,3260,3938134,3.08
471,20210705,3260,3570,3260,3330,11479571,3.18
472,20210706,3330,3335,3195,3220,2436888,3.17
473,20210707,3240,3290,3130,3155,2812473,3.11
474,20210708,3095,3130,3010,3115,2055344,3.22
475,20210709,3160,3165,2995,3020,1942680,3.15
476,20210712,3030,3185,2965,3060,2536485,3.24
477,20210713,3050,3225,3035,3070,3039802,3.09
478,20210714,3085,3090,3030,3045,966613,3.15
479,20210715,3045,3090,2975,3020,1505369,3.24
480,20210716,3010,3260,2955,3060,3959553,3.15
481,20210719,3000,3030,2970,2980,1049781,3.15
482,20210720,2940,2970,2875,2915,959945,3.16
483,20210721,2930,2990,2870,2875,882289,3.15
484,20210722,2890,3735,2890,3735,58363030,3.89
485,20210723,3955,4225,3725,3975,82068392,3.49
486,20210726,3710,3960,3580,3855,26391723,3.13
487,20210727,3825,4300,3810,3890,43045040,3.16
488,20210728,3860,4115,3625,3720,16361132,3.31
489,20210729,3710,4255,3650,3975,49146178,3.67
490,20210730,3920,3975,3705,3780,8039291,3.1
491,20210802,3795,3965,3660,3805,10078991,3.1
492,20210803,4350,4945,4180,4945,86409930,3.92
493,20210804,5100,6220,4905,6000,106164894,3.83
494,20210805,6100,6860,6030,6080,60864533,3.44
495,20210806,5950,6530,5760,6110,26111677,3.97
496,20210809,5830,6110,5550,5590,10683400,3.52
497,20210810,5460,5480,5050,5270,9709052,3.61
498,20210811,5270,5480,5050,5480,11996412,3.51
499,20210812,5350,5410,5190,5310,3800504,3.5
500,20210813,5220,5240,4985,5150,3415789,3.54
501,20210817,5140,5290,4920,5030,4379576,3.52
502,20210818,5080,5470,4955,5320,11085456,3.56
503,20210819,5200,5210,4815,4895,4786358,3.38
504,20210820,4850,4875,4290,4570,5888133,3.35
505,20210823,4575,5200,4565,5180,6936272,3.39
506,20210824,5230,6410,4955,6190,77153475,4.42
507,20210825,6280,6400,5880,5920,23624876,4.07
508,20210826,5960,6380,5780,5780,29474811,4.02
509,20210827,5690,6240,5600,5720,18554033,3.55
510,20210830,5780,5970,5440,5720,10924547,3.3
511,20210831,5830,5870,5600,5620,5467320,3.0
512,20210901,5560,5690,5490,5570,4447175,3.02
513,20210902,5560,5650,5450,5470,2771787,2.94
514,20210903,5470,6260,5350,5770,41573567,3.11
515,20210906,5660,5760,5550,5550,4970409,2.84
516,20210907,5640,6070,5570,5960,20099025,3.24
517,20210908,5850,5900,5560,5560,5774044,2.85
518,20210909,5560,5800,5530,5570,4791015,2.77
519,20210910,5580,5680,5060,5400,4956410,2.84
520,20210913,5400,5430,5070,5120,3111777,2.9
521,20210914,5180,5480,5140,5180,3464174,2.78
522,20210915,5150,5420,5120,5200,3812926,2.86
523,20210916,5240,5280,5020,5080,1568617,2.88
524,20210917,5080,5210,5070,5080,1694743,2.8
525,20210923,4980,5080,4975,4980,1477615,2.83
526,20210924,4990,5050,4895,4895,1622487,2.9
527,20210927,4900,5160,4800,4875,3384455,2.74
528,20210928,4875,5050,4700,4715,2261106,2.68
529,20210929,4640,4740,4500,4705,1637380,2.95
530,20210930,4705,4950,4705,4815,2716687,2.8
531,20211001,4720,4895,4685,4695,1611893,2.83
532,20211005,4510,4840,4435,4620,3596040,2.93
533,20211006,4650,4840,4330,4355,2395554,2.75
534,20211007,4360,4565,4355,4520,1547389,3.25
535,20211008,4630,4835,4420,4460,2907709,2.8
536,20211012,4515,5470,4500,5220,40066635,3.17
537,20211013,5180,5600,5120,5420,15225779,3.33
538,20211014,5540,5700,5430,5490,8048962,3.42
539,20211015,5530,5800,5460,5540,10678730,3.4
540,20211018,5430,5460,4920,5000,7189210,2.76
541,20211019,5130,5250,4995,5040,3653626,2.76
542,20211020,5090,5330,5030,5050,5983930,2.88
543,20211021,5070,5720,4845,4880,19709202,2.75
544,20211022,5020,5130,4880,4950,3959491,2.88
545,20211025,5000,5130,4905,4910,2659957,2.84
546,20211026,4910,5120,4900,5090,3091058,3.27
547,20211027,5090,5120,4980,5030,1858094,3.29
548,20211028,5010,5020,4715,4755,2663474,2.93
549,20211029,4750,4885,4740,4750,1460565,2.98
550,20211101,4745,4855,4700,4720,1335425,2.95
551,20211102,4770,5330,4755,4935,9500115,2.9
552,20211103,4950,4950,4790,4800,1447605,2.85
553,20211104,4815,4840,4685,4690,1186518,2.87
554,20211105,4690,4770,4610,4665,987027,2.82
555,20211108,4670,4815,4605,4810,1645102,2.93
556,20211109,5000,5100,4840,4855,3264952,2.81
557,20211110,4870,4915,4385,4605,1909197,2.87
558,20211111,4500,4645,4455,4585,1108633,2.9
559,20211112,4590,4810,4500,4575,1937973,2.87
560,20211115,4575,4655,4560,4615,909590,2.83
561,20211116,4600,4600,4475,4505,987684,2.83
562,20211117,4505,4535,4430,4445,1081538,2.82
563,20211118,4445,4465,4295,4345,1125732,2.95
564,20211119,4310,4375,4190,4200,1309294,3.0
565,20211122,4480,4750,4320,4385,4463017,2.86
566,20211123,4375,4425,4260,4280,1131397,2.89
567,20211124,4320,4445,4195,4415,1226054,2.93
568,20211125,4350,4465,4330,4335,703756,2.9
569,20211126,4240,4310,4005,4035,1684398,2.79
570,20211129,3795,3965,3770,3895,1265416,3.0
571,20211130,3905,3975,3605,3605,1239619,3.04
572,20211201,3610,3780,3525,3705,1065048,3.54
573,20211202,3695,3790,3620,3705,630592,3.63
574,20211203,3735,3930,3735,3890,1115801,3.64
575,20211206,3805,3875,3760,3840,503274,3.62
576,20211207,3895,3920,3805,3850,520956,3.52
577,20211208,3860,3905,3815,3815,517752,3.44
578,20211209,3820,3915,3820,3890,504402,3.6
579,20211210,3890,3890,3800,3860,290058,3.59
580,20211213,3865,3880,3805,3805,412923,3.54
581,20211214,3750,3820,3730,3760,384813,3.55
582,20211215,3720,3770,3670,3700,414841,3.49
583,20211216,3700,3785,3675,3680,481890,3.56
584,20211217,3670,3685,3595,3680,380347,3.65
585,20211220,3695,3695,3560,3575,533848,3.6
586,20211221,3575,3595,3460,3550,683873,3.79
587,20211222,3540,3665,3540,3655,458622,3.96
588,20211223,3660,3685,3520,3520,618831,3.81
589,20211224,3535,4575,3520,4575,20466264,3.25
590,20211227,4470,4795,4235,4485,19620988,3.09
591,20211228,4755,4915,4440,4500,42404427,2.83
592,20211229,4460,4630,4435,4555,3925710,3.13
593,20211230,4585,4725,4485,4485,5266763,3.07
594,20220103,4395,4560,4355,4515,2556239,3.35
595,20220104,4545,4680,4505,4540,3595969,3.28
596,20220105,4550,4570,4260,4380,1760765,3.3
597,20220106,4230,4260,4030,4060,1505200,3.19
598,20220107,4060,4150,4060,4120,725289,3.27
599,20220110,4110,4165,3970,4130,804158,3.3
600,20220111,4075,4100,3900,3995,880715,3.3
601,20220112,3990,4045,3960,4015,617265,3.37
602,20220113,4000,4025,3925,3925,649168,3.28
603,20220114,3865,3975,3790,3860,716357,3.38
604,20220117,3850,3930,3700,3715,753347,3.35
605,20220118,3715,3800,3570,3570,759373,3.47
606,20220119,3530,3635,3480,3510,702440,3.48
607,20220120,3475,3605,3465,3605,650425,3.54
608,20220121,3540,3625,3490,3535,710329,3.54
609,20220124,3500,3530,3220,3275,1149234,3.57
610,20220125,3275,3320,3060,3090,947421,3.65
611,20220126,3050,3205,3040,3145,697664,3.84
612,20220127,3125,3150,2955,2960,849352,3.83
613,20220128,2960,3160,2770,3150,749225,4.01
614,20220203,3355,4095,3355,4095,7544957,3.7
615,20220204,4045,4360,4015,4130,17688336,3.4
616,20220207,4085,4250,3925,4025,4226653,3.36
617,20220208,3975,4265,3910,3945,5301776,3.34
618,20220209,3900,3990,3860,3865,1526467,3.34
619,20220210,3880,3890,3750,3750,1383706,3.42
620,20220211,3700,3805,3590,3645,1075284,3.41
621,20220214,3550,3585,3430,3450,983491,3.67
622,20220215,3400,3500,3335,3355,999356,3.82
623,20220216,3425,3860,3425,3565,4502447,3.74
624,20220217,3540,3625,3410,3530,1177594,3.79
625,20220218,3440,3755,3440,3605,1832252,3.76
626,20220221,3525,4070,3520,3900,8562393,3.5
627,20220222,3755,4120,3735,3955,6896265,3.37
628,20220223,4000,4120,3890,3900,2533486,3.21
629,20220224,3945,4100,3810,3810,3479827,3.2
630,20220225,3840,3955,3800,3865,1947567,3.06
631,20220228,3820,4170,3775,4045,7033333,3.0
632,20220302,4065,4185,4010,4080,3134440,3.04
633,20220303,4120,4125,4010,4030,1243377,2.99
634,20220304,4030,4095,3990,4035,1246718,3.01
635,20220307,4020,4070,3855,3855,1210768,2.95
636,20220308,3840,3955,3770,3775,1212340,2.89
637,20220310,3840,4085,3840,4080,1839948,3.25
638,20220311,4055,5090,4035,4730,53860368,3.31
639,20220314,4835,5000,4665,4700,15151059,3.05
640,20220315,5150,5630,4960,5270,75666853,3.12
641,20220316,5270,5500,5080,5490,19355692,3.38
642,20220317,5380,5390,5020,5110,9031167,3.24
643,20220318,5040,5170,4930,5120,6962639,3.36
644,20220321,5050,5110,4955,4980,3431763,3.5
645,20220322,4980,5260,4960,4980,11002732,3.19
646,20220323,4995,5080,4945,5070,3403925,3.47
647,20220324,5050,5210,4780,4890,6768488,2.98
648,20220325,4935,5120,4845,5070,5407462,3.08
649,20220328,4930,4980,4800,4860,2820897,3.03
650,20220329,4930,5060,4800,4925,5135915,3.04
651,20220330,5030,5500,4960,5320,37343074,3.2
652,20220331,5260,5580,5110,5200,24575099,3.45
653,20220401,5230,5530,5170,5380,21795014,3.75
654,20220404,5450,5500,5230,5270,5558109,3.18
655,20220405,5220,5220,4990,4990,3576614,3.06
656,20220406,4970,5080,4850,4980,2738367,3.1
657,20220407,4900,4970,4560,4590,3334113,3.11
658,20220408,4600,4670,4425,4545,1982701,3.1
659,20220411,4545,4745,4510,4585,2077479,3.05
660,20220412,4510,4610,4450,4510,923875,3.03
661,20220413,4510,4650,4470,4595,1092117,3.05
662,20220414,4750,4865,4600,4600,1956542,2.94
663,20220415,4620,4735,4575,4670,1023234,3.0
664,20220418,4670,4670,4495,4500,1159354,2.96
665,20220419,4480,4585,4410,4450,1376889,2.97
666,20220420,4460,4475,4345,4360,839193,2.96
667,20220421,4360,4430,4320,4375,702927,2.96
668,20220422,4300,4310,4215,4235,1184673,2.94
669,20220425,4150,4235,4105,4235,1023603,2.99
670,20220426,4230,4370,4220,4320,977925,3.0
671,20220427,4205,4260,4090,4230,639347,2.96
672,20220428,4250,4295,4115,4150,604170,2.93
673,20220429,4155,4550,4150,4295,3139086,3.0
674,20220502,4200,4300,4180,4280,574118,3.01
675,20220503,4280,4395,4275,4285,545252,3.01
676,20220504,4350,4780,4315,4620,8878881,3.0
677,20220506,4530,4900,4455,4745,4700264,3.12
678,20220509,4780,4800,4605,4650,1579821,2.92
679,20220510,4515,4730,4400,4660,1451554,2.95
680,20220511,4620,4755,4600,4600,707224,2.86
681,20220512,4570,4570,4275,4290,878039,2.91
682,20220513,4310,4410,4285,4290,571233,2.84
683,20220516,4335,4500,4335,4350,788610,2.86
684,20220517,4700,4775,4425,4425,4227202,2.81
685,20220518,4445,4680,4425,4580,2558611,2.9
686,20220519,4550,4740,4475,4590,2401960,2.95
687,20220520,4620,4695,4610,4670,1052161,2.94
688,20220523,4645,4665,4520,4530,752293,2.87
689,20220524,4490,4595,4365,4365,701010,2.84
690,20220525,4450,4690,4345,4485,1753283,2.76
691,20220526,4510,4635,4510,4625,936956,2.86
692,20220527,4635,4710,4610,4625,1409470,2.96
693,20220530,4675,4780,4625,4665,1430139,2.87
694,20220531,4650,4655,4565,4595,583396,2.84
695,20220602,4570,4605,4530,4545,390428,2.82
696,20220603,4550,4625,4545,4555,341821,2.84
697,20220607,4530,4530,4420,4425,418543,2.81
698,20220608,4455,4520,4420,4420,475213,2.83
699,20220609,4420,4465,4330,4385,416814,2.81
700,20220610,4350,4395,4335,4375,321719,2.85
701,20220613,4290,4320,4035,4035,737682,2.8
702,20220614,3840,4030,3825,3885,913522,2.99
703,20220615,3805,4430,3690,3850,5092512,2.83
704,20220616,3865,4100,3845,3845,929933,2.77
705,20220617,3650,3805,3650,3735,511122,2.79
706,20220620,3740,3770,3425,3485,737321,2.82
707,20220621,3465,3590,3420,3485,441145,2.84
708,20220622,3490,3575,3220,3250,639651,2.85
709,20220623,3225,3315,2995,2995,995119,3.09
710,20220624,2995,3235,2995,3195,828700,3.42
711,20220627,3280,3400,3195,3365,536396,3.49
712,20220628,3330,3510,3270,3300,1150206,3.14
713,20220629,3235,3335,3200,3220,433627,3.12
714,20220630,3220,3245,3100,3100,388492,2.98
715,20220701,3085,3195,2995,3020,613775,3.01
716,20220704,3025,3295,2915,2990,2224539,2.92
717,20220705,2980,3175,2980,3170,811321,3.21
718,20220706,3175,3365,3120,3200,1637306,3.06
719,20220707,3230,3280,3185,3250,483670,3.06
720,20220708,3295,3565,3245,3350,3227242,2.93
721,20220711,3350,3495,3335,3370,1111971,2.93
722,20220712,3335,3370,3220,3260,496989,2.95
723,20220713,3280,3400,3260,3380,711445,2.98
724,20220714,3370,4125,3350,3805,15413406,2.9
725,20220715,3745,3795,3595,3660,1986864,2.88
726,20220718,3660,3770,3615,3695,1826731,2.77
727,20220719,3670,3780,3640,3715,1038503,2.85
728,20220720,3745,3880,3730,3775,2388384,2.69
729,20220721,3775,3955,3745,3770,2512380,2.69
730,20220722,3740,3805,3655,3665,885602,2.73
731,20220725,3620,3690,3600,3665,331146,2.8
732,20220726,3670,3685,3625,3625,320699,2.79
733,20220727,3590,3625,3570,3575,295306,2.82
734,20220728,3605,3665,3520,3520,378404,2.78
735,20220729,3565,3615,3555,3575,315333,2.83
736,20220801,3575,3610,3565,3570,340473,2.86
737,20220802,3590,3635,3540,3620,374503,2.83
738,20220803,3700,3970,3680,3910,6540758,3.0
739,20220804,3905,4090,3865,4030,3395763,3.05
740,20220805,4030,4240,3975,4170,2906609,3.14
741,20220808,4235,4455,4140,4330,3453513,2.97
742,20220809,4305,4465,4125,4185,2627702,2.81
743,20220810,4150,4205,4050,4070,910646,3.01
744,20220811,4130,4160,4035,4065,690758,2.99
745,20220812,4045,4205,4045,4100,1380208,2.9
746,20220816,4115,4165,4050,4120,543117,2.88
747,20220817,4070,4090,3885,3895,1135985,2.8
748,20220818,3880,3880,3735,3765,834730,3.01
749,20220819,3765,3820,3605,3710,1295082,2.98
750,20220822,3720,3745,3550,3625,912415,2.96
751,20220823,3530,3800,3480,3495,1225040,2.82
752,20220824,3520,3555,3380,3440,1068560,2.99
753,20220825,3465,3555,3455,3505,654516,3.13
754,20220826,3535,3970,3485,3560,9284784,2.73
755,20220829,3380,3425,3320,3395,793384,2.68
756,20220830,3395,3455,3380,3415,627563,2.72
757,20220831,3845,4185,3680,3865,29733747,2.75
758,20220901,3930,4015,3840,3905,4928295,2.69
759,20220902,3900,4040,3835,3880,3979036,2.74
760,20220905,3880,3980,3845,3855,1804427,2.71
761,20220906,3855,3925,3825,3890,1167511,2.7
762,20220907,3855,3900,3590,3635,1298163,2.71
763,20220908,3650,3765,3610,3700,921256,2.68
764,20220913,3735,3850,3720,3760,825067,2.7
765,20220914,3600,3710,3600,3690,402750,2.7
766,20220915,3735,3745,3650,3650,1051605,2.69
767,20220916,4105,4105,3805,3860,10956767,2.74
768,20220919,3870,3935,3540,3565,1967507,2.74
769,20220920,3570,3670,3530,3535,1339325,2.68
770,20220921,3500,3635,3500,3540,906291,2.68
771,20220922,3450,3510,3390,3445,806765,2.7
772,20220923,3445,3770,3400,3460,3409065,2.71
773,20220926,3350,3435,3145,3180,935020,2.68
774,20220927,3180,3280,3120,3185,748879,2.76
775,20220928,3185,3220,2985,3005,861870,2.69
776,20220929,3040,3155,2990,2990,586524,2.74
777,20220930,2935,3140,2920,3100,666496,2.7
778,20221004,3120,3195,3095,3165,583811,2.71
779,20221005,3245,3260,3070,3095,529153,2.69
780,20221006,3090,3190,3090,3180,357834,2.75
781,20221007,3130,3290,3100,3240,613072,2.73
782,20221011,3130,3185,3030,3130,573057,2.7
783,20221012,3130,3235,3090,3165,447715,2.7
784,20221013,3115,3190,2960,3000,771776,2.68
785,20221014,3065,3465,3060,3180,2541475,2.84
786,20221017,3135,3260,3080,3225,588271,2.88
787,20221018,3255,3295,3180,3220,547627,2.88
788,20221019,3275,3300,3195,3210,670900,2.89
789,20221020,3220,3270,3120,3170,577545,2.89
790,20221021,3170,3170,3050,3070,470719,2.86
791,20221024,3125,3145,3085,3085,355391,2.89
792,20221025,3120,3205,3100,3140,479036,2.9
793,20221026,3145,3145,3055,3060,455596,2.86
794,20221027,3080,3385,3080,3155,3436443,2.77
795,20221028,3130,3195,3105,3125,473974,2.8
796,20221031,3155,3160,3105,3115,319064,2.78
797,20221101,3190,3375,3145,3180,2673354,2.66
798,20221102,3200,3240,3175,3195,469669,2.72
799,20221103,3150,3235,3100,3200,551663,2.8
800,20221104,3165,3240,3165,3235,361392,2.87
801,20221107,3235,3385,3195,3235,1825534,2.86
802,20221108,3250,3305,3250,3265,492960,2.95
803,20221109,3275,3305,3235,3240,411284,2.92
804,20221110,3220,3420,3195,3285,3318089,2.69
805,20221111,3355,3375,3305,3320,1009352,2.84
806,20221114,3365,3400,3305,3340,924049,3.01
807,20221115,3375,3380,3340,3355,461249,2.98
808,20221116,3370,3410,3330,3355,735210,2.91
809,20221117,3345,3525,3275,3305,1593524,2.73
810,20221118,3305,3380,3275,3295,500302,2.76
811,20221121,3320,3360,3235,3235,499367,2.73
812,20221122,3270,3405,3240,3310,1339270,2.7
813,20221123,3475,3600,3410,3420,4009498,3.11
814,20221124,3440,3630,3420,3510,3904236,2.94
815,20221125,3470,3610,3410,3500,2892831,2.8
816,20221128,3480,3510,3400,3480,961996,2.77
817,20221129,3435,3550,3420,3480,1050601,2.87
818,20221130,3480,3495,3405,3420,543986,2.78
819,20221201,3460,3520,3440,3505,717472,3.0
820,20221202,3490,3595,3420,3435,1054605,2.85
821,20221205,3420,3525,3365,3365,599808,2.79
822,20221206,3350,3365,3240,3240,685948,2.79
823,20221207,3240,3310,3210,3285,361678,2.85
824,20221208,3310,3310,3155,3175,475314,2.75
825,20221209,3180,3260,3180,3220,400441,2.8
826,20221212,3200,3305,3200,3240,324151,2.79
827,20221213,3320,3325,3225,3240,367238,2.77
828,20221214,3215,3290,3215,3285,251258,2.83
829,20221215,3270,3290,3185,3190,313584,2.77
830,20221216,3140,3195,3110,3135,443316,2.79
831,20221219,3115,3210,3115,3155,269804,2.84
832,20221220,3160,3170,3070,3100,327240,2.78
833,20221221,3120,3125,3070,3080,199620,2.8
834,20221222,3095,3120,3075,3080,241927,2.82
835,20221223,3040,3065,2995,3010,296727,2.77
836,20221226,3010,3030,2965,2980,281406,2.77
837,20221227,2950,3025,2950,2985,329630,2.83
838,20221228,2970,3055,2950,3010,249671,2.88
839,20221229,2975,3055,2950,2960,272688,2.86
840,20230102,2960,3085,2950,2970,476923,2.86
841,20230103,2960,3085,2960,3040,556105,2.97
842,20230104,3045,3220,3020,3220,976174,2.94
843,20230105,3265,3275,3120,3130,945405,2.78
844,20230106,3090,3125,3075,3085,260323,2.79
845,20230109,3250,3300,3180,3220,1617448,2.86
846,20230110,3220,3220,3165,3180,463918,2.82
847,20230111,3185,3300,3180,3265,1014782,2.85
848,20230112,3415,3465,3225,3255,1694902,2.74
849,20230113,3240,3265,3205,3250,442411,2.76
850,20230116,3250,3280,3220,3225,385479,2.79
851,20230117,3250,3250,3195,3205,226077,2.77
852,20230118,3210,3230,3160,3170,253103,2.79
853,20230119,3165,3265,3150,3245,519322,2.85
854,20230120,3225,3325,3220,3245,1241449,2.92
855,20230125,3285,3295,3235,3260,740060,2.86
856,20230126,3235,3275,3235,3240,462635,2.88
857,20230127,3265,3280,3235,3275,630369,2.94
858,20230130,3290,3335,3250,3280,739296,3.0
859,20230131,3250,3320,3225,3295,674752,2.96
860,20230201,3330,3345,3245,3270,766492,2.92
861,20230202,3305,3390,3290,3350,1162535,3.08
862,20230203,3310,3425,3280,3310,1878316,3.08
863,20230206,3275,3305,3210,3245,718502,2.86
864,20230207,3215,3890,3210,3600,21461455,3.78
865,20230208,3690,3750,3570,3645,6452903,3.42
866,20230209,3730,3735,3535,3565,3000909,3.18
867,20230210,4115,4630,4110,4630,35308036,3.59
868,20230213,4815,5420,4810,4870,66678061,2.97
869,20230214,4820,5030,4720,4820,16229562,2.96
870,20230215,5010,5990,5010,5290,98085156,2.25
871,20230216,5290,5290,4935,5290,4899684,2.19
872,20230217,5100,5320,5100,5320,3682487,2.22
873,20230220,5260,5260,5030,5030,2810702,2.24
874,20230221,5180,5360,5000,5040,12508830,2.48
875,20230222,4935,5040,4720,4935,6577786,2.84
876,20230223,4860,4895,4510,4635,8275674,2.46
877,20230224,4590,4615,4420,4500,4271849,2.6
878,20230227,4435,4875,4405,4440,15840022,2.17
879,20230228,4405,4765,4320,4600,14570556,2.05
880,20230302,4515,4620,4390,4400,4768915,2.04
881,20230303,4365,4745,4145,4600,14428514,1.98
882,20230306,4305,4555,4255,4330,10849276,1.92
883,20230307,5200,5200,4825,4950,20978826,2.33
884,20230308,4980,5040,4670,4725,10583728,1.86
885,20230309,4580,4590,4245,4250,4869110,1.86
886,20230310,4165,4190,4000,4010,4050710,1.98
887,20230313,3850,3895,3565,3610,5503262,2.23
888,20230314,3635,3850,3475,3555,9564036,2.08
889,20230315,3540,3620,3460,3460,2311777,2.02
890,20230316,3380,3450,3345,3450,2507304,2.12
891,20230317,3490,3610,3420,3520,3203121,2.02
892,20230320,3480,3535,3440,3490,1076100,2.07
893,20230321,3500,3545,3365,3390,1679564,1.97
894,20230322,3405,3590,3330,3430,5036317,1.83
895,20230323,3380,3485,3345,3365,1285934,1.81
896,20230324,3365,3510,3355,3430,1593837,1.89
897,20230327,3430,3445,3250,3330,1428666,2.01
898,20230328,3325,3440,3315,3405,1028462,2.22
899,20230329,3370,3435,3370,3420,797421,2.38
900,20230330,3440,3440,3350,3365,755342,2.35
901,20230331,3365,3385,3255,3255,1128142,2.33
902,20230403,3230,3330,3215,3265,920162,2.57
903,20230404,3260,3355,3260,3330,1085729,2.85
904,20230405,3310,3355,3280,3305,529078,2.9
905,20230406,3320,3400,3290,3320,1048747,2.85
906,20230407,3320,3345,3240,3250,722951,2.78
907,20230410,3220,3250,3130,3190,925540,3.03
908,20230411,3150,3210,3125,3205,703808,3.19
909,20230412,3280,3430,3200,3200,1755408,2.79
910,20230413,3180,3290,3170,3240,1068653,2.94
911,20230414,3250,3335,3250,3280,1292153,2.97
912,20230417,3240,3290,3215,3240,749324,2.92
913,20230418,3240,3285,3185,3205,807474,2.8
914,20230419,3200,3225,3170,3200,492132,2.88
915,20230420,3165,3215,3095,3095,876992,2.71
916,20230421,3070,3120,3045,3060,630811,2.65
917,20230424,3035,3080,3000,3025,613708,2.79
918,20230425,3010,3050,2950,2990,573733,2.74
919,20230426,2950,3055,2940,3005,492499,2.85
920,20230427,2980,3010,2945,3000,432894,2.84
921,20230428,3000,3035,2945,2950,501863,2.92
922,20230502,2930,3090,2930,3070,715176,3.14
923,20230503,3055,3100,3005,3015,334605,3.12
924,20230504,3015,3025,2965,2970,371396,3.09
925,20230508,2970,3040,2970,2995,307403,3.16
926,20230509,2995,3005,2920,2930,453689,3.0
927,20230510,2910,2960,2910,2920,388275,3.01
928,20230511,2915,2970,2910,2925,408400,3.06
929,20230512,2910,2950,2875,2875,531781,2.96
930,20230515,2850,2870,2800,2825,652174,3.17
931,20230516,2815,2900,2815,2830,526790,3.2
932,20230517,2830,2975,2830,2935,884275,3.34
933,20230518,2940,2985,2915,2945,381557,3.36
934,20230519,2950,2980,2920,2970,421847,3.39
935,20230522,2980,2995,2935,2970,314806,3.36
936,20230523,2970,3015,2945,2965,667220,3.23
937,20230524,2985,3005,2915,2930,819983,2.95
938,20230525,2930,2940,2885,2885,252876,2.87
939,20230526,2880,2900,2840,2845,346019,2.77
940,20230530,2845,2890,2835,2880,317637,2.88
941,20230531,2870,2915,2835,2870,436874,2.96
942,20230601,2880,2915,2840,2865,558258,2.97
943,20230602,2875,2875,2835,2845,324320,2.92
944,20230605,2845,2860,2820,2835,284637,2.9
945,20230607,2840,2915,2840,2870,410238,2.92
946,20230608,2840,2870,2815,2825,373935,2.77
947,20230609,2830,2865,2820,2830,337532,2.74
948,20230612,2835,2840,2815,2830,235972,2.7
949,20230613,2825,2855,2820,2835,380950,2.77
950,20230614,2835,2890,2820,2835,582449,2.72
951,20230615,2840,2860,2765,2780,492432,2.59
952,20230616,2785,2825,2750,2775,538675,2.48
953,20230619,2775,2780,2730,2735,334034,2.44
954,20230620,2720,2765,2720,2725,326766,2.44
955,20230621,2720,2730,2630,2645,607151,2.35
956,20230622,2620,2670,2615,2625,303829,2.32
957,20230623,2620,2650,2565,2590,496095,2.44
958,20230626,2560,2595,2540,2585,331458,2.51
959,20230627,2575,2610,2550,2560,336408,2.5
960,20230628,2565,2585,2500,2510,432227,2.51
961,20230629,2510,2530,2445,2460,483571,2.62
962,20230630,2475,2515,2435,2480,306456,2.68
963,20230703,2500,2555,2500,2510,283209,2.69
964,20230704,2495,2525,2475,2475,222863,2.6
965,20230705,2465,2490,2430,2430,266108,2.56
966,20230706,2430,2435,2345,2365,426666,2.61
967,20230707,2320,2375,2315,2350,352480,2.73
968,20230710,2340,2410,2310,2360,308043,2.81
969,20230711,2375,2465,2375,2440,344930,2.83
970,20230712,2430,2530,2410,2480,977648,2.71
971,20230713,2660,2835,2545,2805,5817474,2.79
972,20230714,2775,2790,2620,2645,1453892,2.57
973,20230717,2590,2880,2535,2680,7196365,1.8
974,20230718,2640,2720,2600,2645,774071,1.79
975,20230719,2645,2650,2560,2560,524947,1.83
976,20230720,2510,2595,2510,2560,453451,1.93
977,20230721,2500,2540,2470,2470,390341,1.94
978,20230724,2470,2475,2355,2365,512804,1.95
979,20230725,2345,2430,2345,2360,525626,1.96
980,20230726,2345,2395,2160,2200,1217130,2.06
981,20230727,2165,2310,2165,2295,594347,2.3
982,20230728,2265,2355,2265,2330,387367,2.4
983,20230731,2320,2405,2310,2390,288833,2.4
984,20230801,2395,2445,2380,2405,272863,2.41
985,20230802,2395,2430,2340,2365,200885,2.41
986,20230803,2350,2370,2295,2330,229071,2.43
987,20230804,2300,2370,2295,2360,217220,2.47
988,20230807,2380,2380,2315,2355,210269,2.54
989,20230808,2360,2425,2295,2310,351174,2.41
990,20230809,2310,2345,2250,2330,231295,2.51
991,20230810,2310,2385,2310,2380,357679,2.59
992,20230811,2410,2445,2370,2390,309134,2.62
993,20230814,2390,2415,2340,2345,304191,2.64
994,20230816,2345,2345,2210,2215,406342,2.53
995,20230817,2175,2215,2155,2170,288098,2.53
996,20230818,2120,2145,2105,2105,261012,2.51
997,20230821,2105,2160,2105,2135,213179,2.59
998,20230822,2125,2140,2070,2075,375993,2.48
999,20230823,2075,2140,2075,2075,212637,2.48
