,날짜,시가,고가,저가,종가,거래량,외국인소진율
0,20190807,2450,2585,2450,2555,1060459,2.19
1,20190808,2550,2625,2540,2615,1040030,3.08
2,20190809,2600,2715,2595,2695,1089458,3.75
3,20190812,2650,2665,2595,2610,1056796,3.55
4,20190813,2590,2615,2565,2570,741892,3.6
5,20190814,2585,2740,2570,2650,2744157,3.11
6,20190816,2720,2800,2620,2660,4669027,0.51
7,20190819,2630,2640,2555,2565,1244416,0.56
8,20190820,2560,2585,2535,2575,774894,0.72
9,20190821,2575,2650,2545,2640,1231560,1.72
10,20190822,2655,3320,2635,2945,13523322,0.95
11,20190823,3190,3220,2945,2945,8218751,0.69
12,20190826,2945,3035,2735,2760,3971642,0.68
13,20190827,2745,2825,2715,2745,1492086,0.67
14,20190828,2770,2860,2750,2810,2111147,0.42
15,20190829,2815,2825,2750,2770,903318,0.48
16,20190830,2755,2800,2740,2780,919320,1.04
17,20190902,2840,2845,2795,2845,927862,1.27
18,20190903,2840,2895,2820,2890,1151572,1.79
19,20190904,2890,2910,2850,2890,676675,1.86
20,20190905,2880,2890,2780,2805,1573773,2.17
21,20190906,2800,2830,2800,2815,515868,2.28
22,20190909,2825,2850,2800,2815,967756,2.03
23,20190910,2820,2835,2710,2730,1366152,1.7
24,20190911,2700,2765,2680,2760,591152,2.06
25,20190916,2750,2815,2690,2805,947899,2.33
26,20190917,2800,2975,2765,2970,3110345,3.64
27,20190918,2930,2955,2870,2910,1304445,3.48
28,20190919,2935,2965,2905,2945,1078685,3.74
29,20190920,2915,2955,2895,2945,1139774,4.17
30,20190923,2935,2945,2885,2905,808294,4.28
31,20190924,2905,2960,2905,2910,878662,4.35
32,20190925,2910,2945,2795,2795,1237544,4.02
33,20190926,2805,2840,2735,2760,757853,3.92
34,20190927,2770,2800,2720,2745,588650,3.67
35,20190930,2735,2765,2680,2755,540250,3.47
36,20191001,2750,2800,2680,2710,1006640,2.87
37,20191002,2660,2870,2655,2825,2784469,2.55
38,20191004,2740,2810,2735,2795,911119,2.17
39,20191007,2940,2975,2845,2885,3877937,1.31
40,20191008,2875,2960,2850,2940,2276999,1.79
41,20191010,2940,2940,2835,2865,1499504,1.56
42,20191011,2840,2905,2825,2900,836012,1.73
43,20191014,2855,2870,2810,2845,938718,1.76
44,20191015,2840,2890,2840,2870,583104,2.39
45,20191016,2890,2945,2860,2945,1164836,3.09
46,20191017,2960,3060,2930,3020,2322196,3.37
47,20191018,2990,3030,2965,3020,1220795,3.39
48,20191021,3000,3050,2965,2965,1145995,3.13
49,20191022,2900,2900,2820,2845,1703348,2.74
50,20191023,2885,2890,2830,2830,1289134,2.35
51,20191024,2800,2820,2725,2750,1174170,2.07
52,20191025,2740,2830,2725,2725,1292972,1.39
53,20191028,2735,2775,2725,2745,637846,1.48
54,20191029,2740,2785,2730,2755,450455,1.57
55,20191030,2785,2830,2760,2800,1136263,0.99
56,20191031,2790,2800,2765,2785,859154,1.04
57,20191101,2810,2835,2750,2765,1185491,1.01
58,20191104,2750,2785,2735,2775,529451,1.39
59,20191105,2770,2790,2755,2765,455926,1.59
60,20191106,2770,2805,2745,2785,520276,2.06
61,20191107,2815,2950,2795,2825,1703072,1.54
62,20191108,2800,2835,2795,2805,661450,1.66
63,20191111,2800,2845,2790,2845,754715,1.82
64,20191112,2845,2885,2820,2860,603440,1.84
65,20191113,2865,2905,2835,2880,819320,2.01
66,20191114,2875,2920,2855,2895,820019,2.24
67,20191115,2860,2890,2845,2885,527136,2.42
68,20191118,2850,2945,2845,2930,1036675,2.95
69,20191119,2935,3165,2890,2950,2458602,2.12
70,20191120,2935,3560,2935,3365,41380807,0.91
71,20191121,3560,3915,3365,3475,72506909,0.82
72,20191122,3440,3750,3255,3355,37292630,0.51
73,20191125,3050,3120,3000,3040,8744316,0.73
74,20191126,3030,3055,2995,3055,3231644,1.6
75,20191127,3040,3115,2995,2995,3510555,0.82
76,20191128,3020,3105,3000,3085,4566963,0.91
77,20191129,3135,3315,3045,3095,14592926,0.49
78,20191202,3065,3125,3045,3090,2628853,0.41
79,20191203,3095,3215,2790,2935,7509555,0.8
80,20191204,3160,3265,3025,3130,21156514,0.32
81,20191205,3100,3230,3075,3115,6454206,1.05
82,20191206,3135,3235,3085,3210,4796160,2.09
83,20191209,3325,3410,3225,3275,14540802,0.36
84,20191210,3295,3345,3225,3320,5515427,0.48
85,20191211,3275,3300,3150,3190,3120251,0.36
86,20191212,3115,3160,3060,3085,2500981,0.84
87,20191213,3105,3235,3085,3215,3958086,1.67
88,20191216,3235,3290,3200,3260,3693171,1.79
89,20191217,3250,3345,3220,3330,4345997,2.07
90,20191218,3295,3365,3180,3225,3722718,2.64
91,20191219,3230,3325,3215,3280,2835211,3.04
92,20191220,3275,3310,3225,3305,2341918,3.4
93,20191223,3360,3460,3320,3350,8181911,0.99
94,20191224,3295,3350,3275,3320,3310734,1.37
95,20191226,3195,3225,3120,3160,2740327,1.16
96,20191227,3165,3225,3145,3225,1276768,1.89
97,20191230,3250,3400,3225,3380,4148413,4.5
98,20200102,3265,3350,3255,3350,2121557,5.55
99,20200103,3350,3650,3315,3525,14277723,6.53
100,20200106,3580,3725,3535,3615,12393182,1.45
101,20200107,3510,3560,3410,3560,4996694,0.98
102,20200108,3670,4625,3600,4625,76577547,1.27
103,20200109,3660,3850,3555,3700,22525396,0.82
104,20200110,3680,3805,3595,3655,13069205,1.52
105,20200113,3565,3605,3505,3590,5184392,4.89
106,20200114,3550,3650,3535,3625,3739262,5.85
107,20200115,3605,3640,3350,3355,6278746,2.54
108,20200116,3370,3400,3345,3365,2091120,4.28
109,20200117,3340,3360,3285,3300,2511578,5.04
110,20200120,3300,3330,3215,3240,1893029,4.73
111,20200121,3225,3495,3175,3220,11956007,1.01
112,20200122,3245,3270,3180,3220,1797297,1.54
113,20200123,3235,3320,3195,3280,2159048,2.11
114,20200128,3235,3335,3180,3325,2781110,2.13
115,20200129,3280,3760,3250,3325,16267686,0.55
116,20200130,3315,3425,3225,3255,3973667,0.73
117,20200131,3220,3250,3100,3105,2604011,1.11
118,20200203,3045,3125,2950,3090,1181847,2.06
119,20200204,3060,3140,3060,3120,855939,2.97
120,20200205,3125,3245,3125,3185,1609901,3.22
121,20200206,3170,3250,3160,3250,1030813,3.66
122,20200207,3250,3300,3205,3265,879982,4.25
123,20200210,3245,3305,3210,3300,1063389,4.25
124,20200211,3330,3345,3275,3320,1126291,3.76
125,20200212,3300,3365,3275,3345,1627240,4.22
126,20200213,3320,3365,3280,3320,1017967,4.36
127,20200214,3315,3375,3285,3345,1084790,4.9
128,20200217,3325,3330,3280,3310,578501,5.04
129,20200218,3290,3360,3290,3335,812911,5.43
130,20200219,3325,3335,3190,3190,1296839,5.19
131,20200220,3170,3255,3170,3215,750743,5.63
132,20200221,3210,3215,3090,3105,847297,5.1
133,20200224,2975,3055,2970,3005,1083819,6.0
134,20200225,2955,3090,2955,3065,747914,6.51
135,20200226,3010,3040,2940,2985,698596,5.81
136,20200227,3000,3020,2810,2840,859537,5.72
137,20200228,2765,3040,2680,2700,1886530,5.39
138,20200302,2665,3190,2665,2840,13337274,3.85
139,20200303,2815,2875,2790,2815,1582851,4.75
140,20200304,2810,2865,2810,2855,869720,4.99
141,20200305,2875,2925,2860,2915,1013383,5.12
142,20200306,2850,2875,2750,2815,1395993,4.02
143,20200309,2915,2945,2635,2640,2931653,1.19
144,20200310,2575,2725,2550,2645,1656566,1.94
145,20200311,2660,2680,2515,2555,867783,1.94
146,20200312,2600,2710,2420,2450,2080330,2.35
147,20200313,2220,2325,2060,2250,2450416,3.87
148,20200316,2250,2335,2110,2110,1234992,4.11
149,20200317,1940,2200,1940,2155,1304982,4.95
150,20200318,2155,2230,2025,2025,1106990,4.94
151,20200319,2035,2105,1625,1715,2095462,4.78
152,20200320,1715,1810,1705,1770,1959026,4.68
153,20200323,1680,1725,1625,1640,1180893,5.04
154,20200324,1685,1770,1670,1720,1157050,5.26
155,20200325,1785,1845,1755,1825,1641273,5.29
156,20200326,1845,2005,1810,1925,1798397,5.89
157,20200327,2000,2050,1895,1985,1915168,5.47
158,20200330,1985,2115,1940,2085,1735442,5.25
159,20200331,2185,2270,2115,2190,2416221,4.44
160,20200401,2225,2340,2160,2210,1950382,4.95
161,20200402,2200,2270,2145,2270,1089581,5.01
162,20200403,2280,2340,2250,2340,1056203,4.91
163,20200406,2340,2390,2300,2380,784415,5.02
164,20200407,2415,2485,2370,2485,1181159,5.16
165,20200408,2490,2550,2420,2515,1027258,5.13
166,20200409,2530,2570,2500,2550,796387,5.16
167,20200410,2590,2590,2430,2560,1087049,4.89
168,20200413,2555,2555,2460,2500,855629,4.56
169,20200414,2505,2945,2465,2545,18187734,3.8
170,20200416,2465,2515,2405,2475,2482990,3.7
171,20200417,2490,2735,2470,2570,5078644,4.17
172,20200420,2565,2640,2535,2630,2386793,4.39
173,20200421,2625,3415,2550,3255,87636737,2.32
174,20200422,3320,3890,3310,3355,106478486,1.62
175,20200423,3335,3700,3285,3425,35363107,1.13
176,20200424,3560,3810,3335,3605,10926640,1.0
177,20200427,3425,3625,3425,3495,6102017,1.01
178,20200428,3580,4095,3385,4095,8714821,1.0
179,20200429,4250,4850,3820,3960,69389102,1.02
180,20200504,3040,3435,3035,3200,29792213,1.44
181,20200506,3200,3255,3065,3085,8814198,0.91
182,20200507,3085,3390,3070,3175,18205132,1.33
183,20200508,3155,3205,3125,3170,4651876,2.12
184,20200511,3180,3390,3145,3285,16288638,2.1
185,20200512,3280,3560,3210,3360,23079050,1.45
186,20200513,3340,3405,3300,3375,4942526,1.88
187,20200514,3370,3400,3235,3250,4229824,2.13
188,20200515,3260,3465,3225,3400,12671345,1.67
189,20200518,3390,3470,3330,3455,5074189,3.24
190,20200519,3400,3455,3360,3455,4604244,4.59
191,20200520,3460,3515,3435,3470,3856074,5.72
192,20200521,3490,3680,3465,3575,9593693,5.16
193,20200522,3590,3800,3550,3670,11601280,3.35
194,20200525,3740,3775,3595,3595,7622116,2.6
195,20200526,3605,3665,3530,3630,4158188,3.81
196,20200527,3620,3750,3610,3700,6030973,4.02
197,20200528,3705,4630,3670,4230,85321008,2.31
198,20200529,4365,4950,4130,4480,84218850,0.93
199,20200601,4320,4660,4175,4200,14495301,0.9
200,20200602,4220,4490,4110,4250,13886260,0.83
201,20200603,4095,4160,3910,3985,7294523,1.4
202,20200604,4105,4245,3990,4020,15352428,1.42
203,20200605,3980,4075,3910,4040,4167849,3.11
204,20200608,4150,4560,4150,4305,34234580,1.26
205,20200609,5000,5370,4840,5120,53318865,3.66
206,20200610,5200,5460,5020,5150,22157232,4.26
207,20200611,5080,5650,5020,5230,48021273,1.46
208,20200612,5110,5250,4800,4800,13877975,1.22
209,20200615,5520,6240,5430,6240,68945466,0.86
210,20200616,6070,7600,5940,6920,108439319,1.63
211,20200617,8290,8990,8150,8990,52796164,1.22
212,20200618,9630,11650,9530,11650,44200689,0.81
213,20200619,13450,14850,10650,11650,91181554,0.85
214,20200622,11300,13200,9670,11100,58324683,0.81
215,20200623,10800,12500,10150,11450,44054237,0.7
216,20200624,9000,9330,8050,8050,25895272,0.78
217,20200625,7700,7790,6670,6970,26238639,0.78
218,20200626,6830,7960,6780,7050,33997484,0.73
219,20200629,6820,6830,6210,6290,7032082,0.93
220,20200630,6300,6450,5970,6110,6644476,0.97
221,20200701,6020,6930,5990,6200,20327319,0.77
222,20200702,6090,6600,5990,6310,7178625,0.79
223,20200703,6200,6580,6170,6360,5202080,1.17
224,20200706,6360,6850,6350,6540,8305341,1.06
225,20200707,6620,7590,6510,7240,39071789,0.64
226,20200708,7090,7660,6970,7150,20180239,0.67
227,20200709,7400,7780,7280,7500,19799782,0.72
228,20200710,7420,7430,6830,6870,9897230,0.68
229,20200713,6740,7140,6560,6930,6921578,1.1
230,20200714,6960,7470,6860,7020,13876507,0.76
231,20200715,6950,7210,6920,6960,4831388,0.93
232,20200716,7030,7320,7010,7140,6573454,1.87
233,20200717,7080,7390,7080,7250,6162264,3.31
234,20200720,7310,7500,7060,7060,8527363,1.17
235,20200721,7030,7120,6860,7010,3400487,2.26
236,20200722,7010,7090,6900,6900,2814072,2.44
237,20200723,7000,7360,6920,7160,6836825,3.9
238,20200724,7100,8090,7010,7330,21670059,2.28
239,20200727,7360,7510,7210,7230,6296769,1.91
240,20200728,7250,7420,7060,7130,6768330,1.77
241,20200729,7290,7650,7210,7300,12255450,2.25
242,20200730,7400,7540,7290,7340,5063865,2.54
243,20200731,7350,7490,7330,7420,3501544,3.59
244,20200803,7300,7400,6950,7040,3950724,3.16
245,20200804,7020,7190,6970,7110,2914980,3.25
246,20200805,7170,7460,7090,7140,5224799,2.61
247,20200806,7120,7270,7060,7180,2912757,3.22
248,20200807,7150,7330,7070,7100,3228199,2.69
249,20200810,7060,7200,6950,7010,3179459,1.66
250,20200811,7030,7130,6980,7020,1699825,2.09
251,20200812,7030,7160,6770,6940,4862557,0.79
252,20200813,6920,8150,6890,7250,42033420,1.07
253,20200814,7300,7610,7130,7340,9072045,1.34
254,20200818,7410,7450,6800,6890,4590675,1.44
255,20200819,6930,7910,6930,7630,23217695,3.45
256,20200820,7400,7550,6970,7090,6794686,1.68
257,20200821,8260,8840,7460,7730,52022476,0.78
258,20200824,7300,8650,7070,7840,25044895,1.45
259,20200825,7930,8250,7730,7860,11442353,1.75
260,20200826,7710,8120,7620,7880,6903168,2.31
261,20200827,7880,8050,7570,7580,5872569,1.21
262,20200828,7510,8210,7460,7700,10117190,0.68
263,20200831,7710,7920,7630,7720,4544681,1.73
264,20200901,7680,7910,7630,7650,2646614,1.08
265,20200902,7650,8050,7650,7770,6925646,1.35
266,20200903,7790,8050,7740,7910,4660660,2.35
267,20200904,7720,7960,7700,7800,4359834,1.15
268,20200907,7940,8350,7900,8100,11979218,3.3
269,20200908,8160,8240,7820,7900,5095340,1.22
270,20200909,7810,8090,7650,7700,3189254,0.73
271,20200910,7810,7920,7710,7750,2159352,0.85
272,20200911,7690,7820,7660,7740,2009662,0.85
273,20200914,7780,7780,7600,7610,1765098,0.6
274,20200915,7630,7690,7360,7420,1865075,0.68
275,20200916,7390,8080,7340,7710,15235523,0.56
276,20200917,7610,8070,7450,7680,13894785,0.73
277,20200918,7690,7820,7540,7610,2527427,0.68
278,20200921,7630,7990,7520,7620,6588558,0.7
279,20200922,7530,7840,7500,7620,4155441,0.72
280,20200923,7600,7830,7580,7600,2943128,0.65
281,20200924,7950,9880,7740,9510,92858759,1.14
282,20200925,10200,11750,7030,7090,104372224,1.91
283,20200928,7170,7500,7020,7160,13909458,1.08
284,20200929,7150,7230,7070,7160,5324347,1.23
285,20201005,7170,7550,7120,7240,10040268,0.69
286,20201006,7290,8450,7240,7770,27722026,0.99
287,20201007,8060,8430,7950,8280,26358131,1.61
288,20201008,8130,8360,7900,8040,10079799,1.54
289,20201012,7690,7900,7550,7570,7433927,1.16
290,20201013,7530,7840,7510,7530,5878827,0.7
291,20201014,7550,7730,7510,7600,3184799,1.08
292,20201015,7650,7940,7330,7340,10355126,0.77
293,20201016,7430,7580,7280,7300,3330137,0.67
294,20201019,7380,7430,7140,7140,1981454,0.86
295,20201020,7060,7200,7030,7140,1628460,0.96
296,20201021,7180,7250,7140,7180,991691,0.9
297,20201022,7150,7250,7140,7180,970975,0.91
298,20201023,7180,7220,7100,7120,1019919,0.83
299,20201026,7120,7180,6960,6960,1221414,0.81
300,20201027,6860,7010,6790,6880,1111858,0.93
301,20201028,6830,7040,6830,7010,867492,1.38
302,20201029,6900,7090,6900,7030,905049,1.13
303,20201030,7050,7420,7050,7140,3574554,0.8
304,20201102,7210,7400,7180,7400,2312249,1.22
305,20201103,7440,7630,7260,7570,4055232,0.87
306,20201104,8260,8290,7090,7210,20795540,0.69
307,20201105,7580,7670,7370,7490,4313955,0.8
308,20201106,7510,7640,7430,7520,3530597,1.32
309,20201109,7460,7630,7430,7560,2982536,2.18
310,20201110,7540,7740,7420,7510,3559541,1.69
311,20201111,7510,7520,7310,7370,1841138,1.25
312,20201112,7320,7470,7320,7380,1199552,1.37
313,20201113,7410,7540,7380,7460,2258462,1.71
314,20201116,7410,7440,7340,7400,1352161,1.82
315,20201117,7370,7380,7250,7270,1368334,1.37
316,20201118,7260,7330,7230,7310,930492,1.66
317,20201119,7340,7450,7260,7330,1321707,1.48
318,20201120,7330,7370,7270,7360,799557,1.86
319,20201123,7330,7330,7190,7220,1259451,0.99
320,20201124,7280,7390,7230,7310,1236042,1.39
321,20201125,7310,7380,7150,7200,1365250,0.96
322,20201126,7180,7280,7160,7190,743437,1.15
323,20201127,7180,7360,7110,7240,1197987,1.16
324,20201130,7280,7320,7240,7320,807909,1.33
325,20201201,7290,7360,7230,7300,897599,1.37
326,20201202,7310,7370,7290,7360,943415,1.73
327,20201203,7400,7510,7360,7370,2474101,1.09
328,20201204,7370,7370,7190,7240,1176731,0.99
329,20201207,7180,7290,7150,7210,965925,1.17
330,20201208,7180,7260,7170,7190,662180,1.16
331,20201209,7290,7320,7200,7230,1399963,1.1
332,20201210,7180,7350,7180,7230,1185097,0.98
333,20201211,7210,7320,7200,7250,1017071,1.16
334,20201214,7230,7240,7160,7180,690840,1.05
335,20201215,7160,7190,7070,7110,831209,0.98
336,20201216,7110,7160,7110,7120,427393,1.14
337,20201217,7130,7150,7080,7100,521343,1.14
338,20201218,7110,7120,6980,7030,913546,1.04
339,20201221,6990,7020,6860,6890,1054506,1.17
340,20201222,6890,6940,6790,6810,674011,1.08
341,20201223,6750,6860,6430,6460,1270623,1.11
342,20201224,6450,6700,6400,6680,683257,1.34
343,20201228,6670,6670,6470,6500,535074,1.32
344,20201229,6480,6600,6450,6570,369704,1.57
345,20201230,6650,6900,6620,6840,1051785,1.48
346,20210104,6840,6850,6700,6820,560035,1.49
347,20210105,6960,6960,6750,6860,948504,1.05
348,20210106,6870,7370,6750,7070,3088619,0.96
349,20210107,7050,7090,6940,7040,959645,1.07
350,20210108,6950,6970,6850,6880,1242638,1.05
351,20210111,7180,8630,7040,7900,90156279,1.05
352,20210112,7660,8350,7300,7490,52645144,1.06
353,20210113,7410,7890,7370,7370,13137185,1.3
354,20210114,7430,7550,7160,7180,5734451,1.6
355,20210115,7430,8060,7170,7230,30018555,1.19
356,20210118,7360,7750,7310,7590,13972150,1.62
357,20210119,7550,7650,7330,7410,5122990,1.32
358,20210120,7360,7800,7360,7790,9290127,3.23
359,20210121,7450,7580,7380,7520,5048281,3.08
360,20210122,7470,7810,7440,7700,6735142,3.08
361,20210125,7650,7740,7550,7610,3135158,3.76
362,20210126,7610,7910,7530,7570,7677239,3.77
363,20210127,7540,7690,7320,7340,4047143,2.69
364,20210128,7430,7550,6950,6950,4848138,1.92
365,20210129,6980,7450,6800,7130,6729657,1.69
366,20210201,7100,7240,6980,7180,2125432,1.98
367,20210202,7180,7370,7180,7240,2324134,2.81
368,20210203,7230,7390,7170,7190,2166302,2.84
369,20210204,7220,7360,7190,7200,2185108,2.76
370,20210205,7210,7280,7090,7120,1400619,2.37
371,20210208,7150,7260,7130,7150,1309309,2.31
372,20210209,7220,7230,7080,7130,1125756,2.0
373,20210210,7150,7220,7110,7180,1001709,2.16
374,20210215,7200,7350,7140,7330,1550572,3.02
375,20210216,7340,7450,7250,7280,2375698,3.03
376,20210217,7300,7730,7250,7280,5076880,2.71
377,20210218,7290,7370,7250,7300,1286381,2.91
378,20210219,7320,7630,7230,7290,5217998,2.38
379,20210222,7290,7450,7270,7320,1496460,2.52
380,20210223,7330,7370,7050,7060,1764079,1.62
381,20210224,7060,7110,6820,6830,1483651,1.43
382,20210225,6840,7010,6840,6960,833202,1.4
383,20210226,6840,7100,6810,7020,1344633,1.26
384,20210302,7030,7080,6950,6990,876624,1.32
385,20210303,7090,7120,6990,7100,926839,1.44
386,20210304,7050,7090,6990,6990,733295,1.24
387,20210305,7090,7160,7010,7080,1233857,1.44
388,20210308,7030,7230,6990,7140,1199803,1.41
389,20210309,7060,7080,6960,7020,917030,1.41
390,20210310,7000,7130,6910,6910,925425,1.42
391,20210311,6930,6950,6850,6910,640446,1.5
392,20210312,6910,7020,6900,7000,683091,1.91
393,20210315,6950,7030,6920,7030,611270,2.22
394,20210316,7390,7390,7160,7190,3785229,0.99
395,20210317,7250,7690,7210,7350,10249398,1.33
396,20210318,7420,7670,7290,7560,5509647,3.05
397,20210319,7740,7910,7350,7390,6128903,0.91
398,20210322,7300,7360,7140,7170,1782897,1.01
399,20210323,7220,7560,7140,7530,4410615,1.76
400,20210324,7740,7790,7230,7260,6387220,0.83
401,20210325,8040,8080,7390,7410,16587546,0.82
402,20210326,7450,7590,7430,7490,5094246,1.2
403,20210329,7520,7700,7470,7670,5178219,2.25
404,20210330,7620,7640,7430,7460,2842279,1.52
405,20210331,7440,7750,7340,7610,3311814,1.67
406,20210401,7490,7560,7440,7520,1982680,1.82
407,20210402,7340,7450,7330,7440,1815237,1.81
408,20210405,7350,7380,7200,7260,1833223,1.65
409,20210406,7230,7330,7210,7270,1220765,1.9
410,20210407,7250,7360,7210,7340,1178072,2.18
411,20210408,7310,7330,7210,7250,1110227,1.97
412,20210409,7260,7490,7230,7480,2109978,2.57
413,20210412,7450,7970,7420,7950,7588659,6.72
414,20210413,7930,8250,7740,8110,7695984,7.82
415,20210414,7960,8190,7830,7890,5610349,8.12
416,20210415,7890,7910,7550,7700,3991588,7.91
417,20210416,7600,7710,7530,7660,2266663,7.63
418,20210419,7560,7610,7360,7420,2751700,5.89
419,20210420,7440,7500,7400,7460,1035859,6.2
420,20210421,7540,7790,7520,7670,5128557,5.84
421,20210422,7570,7630,7480,7620,1661926,5.5
422,20210423,7600,7660,7440,7460,1514271,5.0
423,20210426,7380,7460,7320,7450,1151793,4.81
424,20210427,7450,7500,7340,7370,1069393,4.62
425,20210428,7350,7510,7260,7270,1938037,3.85
426,20210429,7270,7350,7230,7270,975558,3.72
427,20210430,7320,7780,7280,7480,4508841,3.88
428,20210503,7680,7940,7530,7860,9724866,4.86
429,20210504,7700,7750,7520,7580,2981968,4.63
430,20210506,7520,7550,7420,7430,1825065,4.67
431,20210507,7420,7500,7410,7500,1187970,4.69
432,20210510,7380,7460,7350,7440,1244208,4.7
433,20210511,7350,7380,7270,7310,1767380,4.93
434,20210512,7300,7350,7060,7150,2069957,3.52
435,20210513,7050,7170,6940,6980,1678956,1.42
436,20210514,6990,7130,6990,7050,899938,1.48
437,20210517,7080,7340,7040,7110,1079717,1.44
438,20210518,7100,7190,7090,7150,607861,1.38
439,20210520,7160,7170,7080,7160,604035,1.27
440,20210521,7090,7310,7050,7280,1601524,1.24
441,20210524,7330,7470,7100,7100,4632125,0.99
442,20210525,7150,7260,7070,7170,1124854,1.2
443,20210526,7160,7170,7090,7090,907068,1.27
444,20210527,7110,7140,7080,7130,595329,1.26
445,20210528,7130,7170,7080,7140,556593,1.44
446,20210531,7200,7260,7160,7200,943930,1.44
447,20210601,7180,7220,7140,7220,679199,1.57
448,20210602,7200,7220,7160,7190,572262,1.6
449,20210603,7200,7220,7170,7220,499595,1.79
450,20210604,7220,7270,7180,7230,679071,1.89
451,20210607,7220,7230,7100,7150,746308,1.83
452,20210608,7120,7250,7110,7160,846167,1.79
453,20210609,7130,7300,7130,7160,770185,1.69
454,20210610,7200,7200,7130,7130,549026,1.58
455,20210611,7190,7190,7130,7150,491486,1.44
456,20210614,7130,7160,7090,7160,630532,1.43
457,20210615,7110,7150,7100,7130,361462,1.31
458,20210616,7150,7150,7100,7110,434798,1.29
459,20210617,7110,7130,7090,7090,327671,1.21
460,20210618,7050,7120,7010,7110,670288,1.33
461,20210621,7040,7060,6990,7000,650359,1.33
462,20210622,7010,7260,6990,7060,1219027,1.15
463,20210623,7050,7080,7020,7040,417118,1.2
464,20210624,7100,7140,7050,7080,674328,1.35
465,20210625,7080,7090,7040,7060,406871,1.28
466,20210628,7030,7090,7020,7030,398189,1.29
467,20210629,7040,7080,7020,7040,384007,1.27
468,20210630,7040,7050,7000,7000,488442,1.24
469,20210701,7010,7050,7000,7020,269972,1.22
470,20210702,7000,7080,7000,7060,518188,1.31
471,20210705,7020,7060,6990,7020,394305,1.29
472,20210706,7040,7050,7010,7020,341960,1.4
473,20210707,7010,7250,6990,7170,4590544,1.25
474,20210708,7080,7120,7000,7040,1424789,1.26
475,20210709,7000,7050,6900,6950,1040635,1.24
476,20210712,6910,7030,6910,7010,560150,1.41
477,20210713,6990,7010,6980,7010,368246,1.45
478,20210714,7020,7020,6970,6990,364740,1.43
479,20210715,6990,7010,6960,7000,275835,1.44
480,20210716,6970,6990,6950,6960,361000,1.43
481,20210719,6950,6960,6880,6920,448572,1.36
482,20210720,6840,6900,6830,6880,328196,1.36
483,20210721,6890,6910,6820,6820,358494,1.34
484,20210722,6830,6880,6820,6850,249678,1.36
485,20210723,6850,6920,6830,6900,214425,1.38
486,20210726,6880,6940,6850,6910,350479,1.26
487,20210727,6930,6930,6700,6750,1231193,1.36
488,20210728,6700,6700,6460,6490,1440680,1.38
489,20210729,6490,6560,6470,6500,324473,1.4
490,20210730,6500,6550,6400,6420,420505,1.36
491,20210802,6510,6850,6500,6580,1458050,1.1
492,20210803,6560,6640,6550,6620,437526,1.11
493,20210804,6630,6690,6590,6670,432532,1.27
494,20210805,6630,6830,6610,6790,704671,1.24
495,20210806,6780,6780,6680,6770,483446,1.15
496,20210809,6780,6860,6750,6860,858448,1.19
497,20210810,7080,7140,6780,6940,1696839,0.94
498,20210811,7210,7230,7060,7190,4398568,1.03
499,20210812,7110,7180,7010,7180,1567646,1.29
500,20210813,7130,7530,7070,7200,6647455,1.1
501,20210817,7090,7110,6930,7030,1776170,1.1
502,20210818,6910,6950,6800,6830,1312070,1.08
503,20210819,6790,7440,6730,7020,13033808,1.1
504,20210820,6970,7170,6880,7000,3220684,0.88
505,20210823,6790,6820,6680,6700,1935616,1.11
506,20210824,6660,6760,6650,6730,1200447,1.12
507,20210825,6710,6790,6690,6740,824317,1.17
508,20210826,6740,6780,6700,6710,662910,1.19
509,20210827,6890,6970,6820,6910,2654300,0.98
510,20210830,7060,7120,6950,7040,2621378,2.05
511,20210831,6970,6980,6800,6810,1684936,1.46
512,20210901,6790,6840,6770,6820,556456,1.58
513,20210902,6820,6830,6760,6790,608119,1.44
514,20210903,6820,6870,6780,6830,745910,1.49
515,20210906,6770,6820,6690,6760,724627,1.53
516,20210907,6750,6860,6690,6850,693210,1.47
517,20210908,6840,6900,6800,6850,853051,1.32
518,20210909,6820,6890,6640,6700,1918359,1.08
519,20210910,6700,6770,6640,6650,631444,1.09
520,20210913,6800,6880,6600,6600,2164454,0.93
521,20210914,6580,6620,6500,6590,598228,1.19
522,20210915,6560,7030,6520,6720,7859916,1.0
523,20210916,6730,6760,6610,6630,1662639,0.98
524,20210917,6620,6630,6530,6560,950257,1.06
525,20210923,6480,6520,6450,6470,645453,1.23
526,20210924,6470,6530,6150,6230,1710590,1.2
527,20210927,6050,6150,6000,6050,1106000,1.62
528,20210928,6300,6400,6030,6030,2533819,1.23
529,20210929,6110,6230,5890,5890,1374256,1.08
530,20210930,5780,5790,5380,5620,1394215,1.62
531,20211001,5710,5710,5380,5390,1068978,1.38
532,20211005,5260,5320,5040,5100,940205,1.74
533,20211006,5080,5150,4800,4800,899902,1.41
534,20211007,4780,4955,4775,4930,470656,1.87
535,20211008,4975,4985,4905,4950,268685,1.62
536,20211012,4915,4950,4810,4835,454176,1.54
537,20211013,4835,4930,4810,4890,280264,1.68
538,20211014,4905,5060,4905,5060,327822,1.9
539,20211015,5060,5190,5040,5190,472075,1.81
540,20211018,5170,5200,5100,5180,282453,1.73
541,20211019,5140,5960,5140,5410,6031044,0.93
542,20211020,5390,5470,5300,5370,712624,1.08
543,20211021,5350,5420,5200,5240,543558,1.18
544,20211022,5190,5260,5160,5210,316193,1.27
545,20211025,5290,5930,5270,5460,5920495,1.21
546,20211026,5380,5490,5340,5440,633710,1.4
547,20211027,5460,5550,5390,5390,610166,1.53
548,20211028,5350,5420,5350,5390,323198,1.55
549,20211029,5390,5530,5380,5480,549552,1.46
550,20211101,5430,5540,5380,5470,436854,1.35
551,20211102,5470,5540,5420,5540,515021,1.48
552,20211103,5540,5540,5420,5440,311171,1.41
553,20211104,5420,5460,5300,5320,369032,1.37
554,20211105,5320,5350,5240,5260,279971,1.46
555,20211108,5210,5290,5150,5290,233869,1.7
556,20211109,5340,5550,5260,5310,693012,1.37
557,20211110,5310,5320,5150,5170,241600,1.38
558,20211111,5080,5180,5070,5110,257826,1.48
559,20211112,5090,5230,5090,5230,167574,1.55
560,20211115,5230,5390,5150,5280,241413,1.52
561,20211116,5270,5310,5210,5280,146014,1.54
562,20211117,5330,5330,5190,5200,187977,1.46
563,20211118,5220,5310,5160,5260,223286,1.46
564,20211119,5230,5310,5210,5270,159029,1.5
565,20211122,5260,5300,5180,5190,229000,1.4
566,20211123,5160,5230,5160,5180,143030,1.42
567,20211124,5160,5480,5160,5170,644934,1.21
568,20211125,5180,5380,5160,5200,390083,1.07
569,20211126,5190,5250,5120,5180,250156,1.12
570,20211129,5000,5130,4975,5030,395682,1.16
571,20211130,5040,5080,4720,4775,480811,1.14
572,20211201,4705,4815,4645,4805,323319,1.36
573,20211202,4720,4920,4720,4910,183236,1.47
574,20211203,4900,4985,4870,4970,153480,1.55
575,20211206,4995,5120,4990,5090,284487,1.5
576,20211207,5090,5200,5050,5170,238359,1.49
577,20211208,5170,5250,5100,5150,279588,1.45
578,20211209,5150,5290,5130,5220,269892,1.55
579,20211210,5220,5320,5190,5320,356067,1.85
580,20211213,5370,5510,5310,5450,956676,1.96
581,20211214,5420,5480,5320,5340,349786,1.91
582,20211215,5310,5350,5250,5250,190615,2.01
583,20211216,5280,5350,5260,5300,232812,2.2
584,20211217,5250,5340,5240,5300,209720,2.27
585,20211220,5280,5450,5260,5360,390501,2.14
586,20211221,5310,5360,5260,5310,222923,2.17
587,20211222,5320,5640,5280,5480,1374916,2.01
588,20211223,5380,5530,5370,5510,558243,2.01
589,20211224,5490,5540,5420,5450,390216,1.92
590,20211227,5400,5540,5320,5430,535157,1.93
591,20211228,5400,5580,5350,5360,520977,1.77
592,20211229,5340,5510,5340,5490,454863,2.43
593,20211230,5480,5590,5440,5560,448571,2.42
594,20220103,5550,5630,5530,5620,417278,2.68
595,20220104,5630,5640,5290,5450,454545,2.6
596,20220105,5640,5770,5480,5490,1857701,1.65
597,20220106,5530,5550,5300,5300,662399,1.53
598,20220107,5340,5590,5310,5540,483998,1.91
599,20220110,5480,5550,5390,5430,337459,1.82
600,20220111,5580,5620,5340,5410,1270622,1.3
601,20220112,5460,5550,5450,5470,528179,1.7
602,20220113,5520,6330,5490,5930,13474457,2.01
603,20220114,5940,6530,5730,6000,11260571,1.57
604,20220117,6200,6410,5850,5870,7257673,0.97
605,20220118,5760,6170,5700,5900,4468781,1.63
606,20220119,5950,6230,5870,6020,3865961,1.31
607,20220120,6470,6580,6110,6180,11950687,1.03
608,20220121,6160,6800,6160,6660,15807229,3.69
609,20220124,6590,6800,6280,6320,6968819,1.79
610,20220125,6330,6790,6290,6590,10682898,1.45
611,20220126,6400,6560,6100,6110,3220643,2.0
612,20220127,6010,6200,5520,5560,3335938,2.73
613,20220128,5560,5630,5240,5470,2107637,2.73
614,20220203,5580,5870,5580,5820,2156325,3.24
615,20220204,5750,5990,5710,5920,1900478,3.47
616,20220207,5880,6030,5800,6030,1310283,3.71
617,20220208,5990,6040,5830,6000,1477469,3.0
618,20220209,5890,5930,5810,5890,672058,2.8
619,20220210,5900,5980,5770,5770,784869,2.44
620,20220211,5670,6250,5670,6140,5150414,2.63
621,20220214,6500,6880,6340,6510,10803711,0.92
622,20220215,6410,6770,6190,6370,9491791,1.44
623,20220216,5810,6000,5730,5920,3544131,1.12
624,20220217,5920,7020,5870,6600,19297935,2.86
625,20220218,6850,6940,6400,6500,8246326,2.58
626,20220221,6780,6910,6310,6320,7856569,1.54
627,20220222,6790,6920,6540,6670,14183057,1.51
628,20220223,6460,6730,6330,6460,5091060,1.51
629,20220224,6630,8150,6540,8000,60195774,1.31
630,20220225,7010,8100,6740,6890,29574632,3.89
631,20220228,7200,7550,6840,6950,15776953,3.49
632,20220302,7060,7200,6740,6810,6606301,3.12
633,20220303,6680,6810,6530,6640,4429740,3.75
634,20220304,6640,6750,6460,6470,4249513,1.94
635,20220307,6580,6730,6460,6490,4599467,1.75
636,20220308,6620,6670,6170,6200,3845069,1.72
637,20220310,6240,6540,6160,6410,2787326,2.02
638,20220311,6520,6900,6460,6850,7393271,2.71
639,20220314,7090,7550,7000,7360,14254020,2.99
640,20220315,7250,7480,7070,7400,6458850,2.51
641,20220316,7200,7700,6910,6940,10237527,1.36
642,20220317,6700,7000,6660,7000,3188345,2.12
643,20220318,6960,7200,6960,7150,2568394,2.52
644,20220321,7150,7310,7120,7220,2276812,3.04
645,20220322,7220,7290,7050,7070,1999919,2.0
646,20220323,7050,7280,7010,7250,2603952,2.3
647,20220324,7220,7430,7140,7350,4494749,2.23
648,20220325,7580,7630,7090,7110,7515522,1.2
649,20220328,7110,7200,7080,7120,1656592,1.41
650,20220329,7020,7060,6750,6810,2547521,1.45
651,20220330,6630,6970,6620,6900,1843472,1.91
652,20220331,6930,6990,6830,6830,1011794,1.72
653,20220401,6830,7170,6830,7170,2393770,1.78
654,20220404,7240,7420,7190,7300,2437062,2.1
655,20220405,7110,7170,7040,7150,1757422,2.46
656,20220406,7170,7300,7040,7200,1821212,1.98
657,20220407,7210,7510,7190,7340,5206565,2.07
658,20220408,7350,7620,7230,7510,5297015,2.01
659,20220411,7440,7590,7430,7520,2238079,1.88
660,20220412,7490,7500,7040,7140,3055513,1.02
661,20220413,7120,7280,7110,7230,1290782,1.12
662,20220414,7200,7410,7160,7310,1801606,1.56
663,20220415,7200,7230,7110,7130,1490567,1.12
664,20220418,7170,7240,6940,6970,1326899,1.17
665,20220419,6950,7020,6810,7000,911311,1.27
666,20220420,7000,7010,6840,6840,855025,1.24
667,20220421,6860,7060,6840,7060,969538,1.33
668,20220422,6900,7040,6880,6990,737855,1.34
669,20220425,6830,6950,6820,6910,821143,1.35
670,20220426,6950,7150,6880,6930,1205092,1.29
671,20220427,6980,7170,6950,6990,2578788,1.51
672,20220428,7000,7000,6850,6890,857867,1.11
673,20220429,6860,6930,6840,6900,599981,1.14
674,20220502,6880,7120,6880,7060,1243358,1.81
675,20220503,7100,7120,6970,7020,937827,2.29
676,20220504,7060,7190,6950,7010,3647396,1.22
677,20220506,6980,7090,6950,7080,1061354,1.25
678,20220509,7200,7540,7170,7330,7247612,1.42
679,20220510,7160,7270,7000,7200,2351432,1.22
680,20220511,7240,7320,7050,7110,1608922,1.2
681,20220512,7050,7140,6610,6730,2161765,1.25
682,20220513,6790,6800,6120,6300,2835340,1.3
683,20220516,6280,6420,6230,6340,1030039,1.45
684,20220517,6320,6330,6080,6190,1172016,1.34
685,20220518,6220,6580,6190,6530,1650432,1.75
686,20220519,6460,6740,6440,6720,1877421,1.61
687,20220520,6660,6760,6540,6650,1117908,1.6
688,20220523,6660,6810,6620,6690,1179922,1.56
689,20220524,6730,6930,6670,6820,1527111,1.81
690,20220525,6890,7230,6580,7100,6137728,1.98
691,20220526,6950,7130,6890,7050,1835484,1.99
692,20220527,6950,7230,6950,7110,2572769,1.88
693,20220530,7110,7190,7050,7140,1909318,1.96
694,20220531,7080,7140,6900,7010,1303893,1.96
695,20220602,6960,7070,6900,7020,671984,2.6
696,20220603,7030,7260,6960,7180,2331063,3.94
697,20220607,7360,7420,7150,7360,5932706,2.54
698,20220608,7280,7470,7230,7340,4372678,1.9
699,20220609,7320,7420,7040,7100,2659550,1.85
700,20220610,7010,7190,6840,6900,1758194,1.9
701,20220613,6870,7010,6540,6580,1773346,1.78
702,20220614,6360,6520,6250,6330,1074491,1.67
703,20220615,6250,6350,5750,5780,2150720,1.52
704,20220616,5880,6030,5810,5840,921031,1.68
705,20220617,5680,6030,5670,5990,1009800,1.5
706,20220620,5930,5990,5440,5500,1447537,1.3
707,20220621,5560,5590,5390,5540,589546,1.56
708,20220622,5540,5580,4990,5050,1640207,1.53
709,20220623,5040,5200,4785,4800,1622841,2.53
710,20220624,4770,5100,4760,5060,1024302,3.39
711,20220627,5010,5270,5010,5230,844512,3.67
712,20220628,5170,5270,5080,5270,558292,3.27
713,20220629,5150,5290,5130,5210,628995,3.29
714,20220630,5210,5260,5110,5160,666215,2.4
715,20220701,5190,5340,5070,5300,1106622,1.69
716,20220704,5300,5330,4985,5030,951711,1.3
717,20220705,5030,5270,4990,5200,812302,1.68
718,20220706,5200,5230,5030,5150,736985,1.59
719,20220707,5160,5230,5130,5230,378566,1.7
720,20220708,5230,5530,5220,5340,1567141,1.63
721,20220711,5340,5430,5250,5270,819386,1.82
722,20220712,5230,5230,4995,5040,706666,1.8
723,20220713,5080,5110,4985,5110,490814,1.8
724,20220714,5050,5180,5050,5140,318777,1.92
725,20220715,5110,5150,5020,5100,415579,1.73
726,20220718,5130,5210,5100,5200,428180,2.03
727,20220719,5190,5370,5170,5300,663676,1.9
728,20220720,5340,5370,5280,5330,487942,2.26
729,20220721,5330,5500,5300,5460,714334,2.36
730,20220722,5490,5670,5420,5580,1428179,1.91
731,20220725,5620,5690,5520,5640,974588,1.88
732,20220726,5640,5660,5510,5610,632860,2.03
733,20220727,5600,5660,5540,5590,588888,2.16
734,20220728,5680,5750,5610,5670,1277444,2.2
735,20220729,5740,5880,5600,5830,1312460,2.48
736,20220801,5850,6160,5830,6080,2098377,2.14
737,20220802,6190,6580,6140,6370,4523232,2.35
738,20220803,6240,6440,6110,6140,2159499,1.9
739,20220804,6190,6190,6050,6130,967037,1.76
740,20220805,6140,6190,6000,6180,902019,1.85
741,20220808,6080,6190,6070,6150,526425,1.92
742,20220809,6130,6130,6000,6040,612330,1.97
743,20220810,6050,6100,5950,5960,539420,1.9
744,20220811,6020,6250,6010,6190,967874,1.67
745,20220812,6240,6300,6190,6250,682555,1.57
746,20220816,6230,6320,6160,6240,533062,1.71
747,20220817,6250,6270,6090,6160,873590,1.53
748,20220818,6160,6210,6100,6160,324870,1.7
749,20220819,6200,6220,6140,6200,397600,1.72
750,20220822,6170,6260,6130,6160,531279,1.61
751,20220823,6100,6130,5940,6060,581450,1.81
752,20220824,6080,6280,6080,6190,828311,2.11
753,20220825,6180,6230,6150,6190,354477,2.04
754,20220826,6200,6330,6150,6320,1066057,2.31
755,20220829,6080,6170,6000,6010,921956,1.54
756,20220830,6040,6060,5790,5830,888309,1.7
757,20220831,5810,5900,5800,5880,349064,1.64
758,20220901,5900,6110,5780,5970,1261142,1.59
759,20220902,5880,5980,5850,5870,460293,1.45
760,20220905,5820,5830,5510,5600,686369,1.34
761,20220906,5570,5680,5570,5650,281947,1.37
762,20220907,5590,5740,5530,5610,452996,1.35
763,20220908,5590,5680,5560,5620,310737,1.33
764,20220913,5640,5740,5620,5730,372097,1.59
765,20220914,5520,5620,5520,5610,299617,1.55
766,20220915,5610,5680,5550,5560,273346,1.64
767,20220916,5530,5590,5340,5370,368536,1.49
768,20220919,5340,5710,5340,5620,1102317,1.36
769,20220920,5560,5670,5510,5660,315651,1.45
770,20220921,5630,5720,5580,5640,302927,1.51
771,20220922,5760,5790,5610,5750,987601,1.43
772,20220923,5730,5760,5480,5600,615683,1.64
773,20220926,5740,5760,5140,5150,1419337,1.12
774,20220927,5100,5200,4850,4980,769233,1.37
775,20220928,4910,5010,4590,4800,960607,1.35
776,20220929,5120,5420,4955,5290,2502857,1.73
777,20220930,5170,5290,5050,5140,817916,1.58
778,20221004,5380,5850,5260,5700,3510454,2.41
779,20221005,5720,6650,5670,6250,19325787,1.94
780,20221006,6290,6330,6150,6310,3093204,1.66
781,20221007,6230,6460,6100,6390,4542212,1.36
782,20221011,6280,6810,6080,6170,10080368,1.2
783,20221012,6000,6050,5600,5650,2249310,1.1
784,20221013,5750,5820,5360,5390,1650607,1.21
785,20221014,5580,6300,5580,6300,6799086,2.49
786,20221017,6100,6320,6040,6180,2515527,2.27
787,20221018,6100,6290,6080,6210,1568027,2.31
788,20221019,6310,6720,6190,6550,8039491,1.27
789,20221020,6430,6560,6340,6390,2180001,1.24
790,20221021,6320,6470,6160,6420,1921630,1.23
791,20221024,6360,6520,6360,6510,1843562,1.34
792,20221025,6400,6590,6400,6430,1788358,1.38
793,20221026,6400,6530,6320,6500,1863451,1.52
794,20221027,6480,6520,6330,6380,1503399,1.38
795,20221028,6300,6480,6210,6360,2412011,1.39
796,20221031,6150,6200,5850,5860,1861184,1.24
797,20221101,5880,6120,5820,6100,1163890,1.41
798,20221102,6420,7050,6310,6680,31203889,1.77
799,20221103,7200,7340,6630,6790,13295139,1.46
800,20221104,6820,7140,6660,6880,10621539,2.33
801,20221107,6500,6540,6210,6250,4662594,1.22
802,20221108,6090,6230,6070,6160,2206216,1.48
803,20221109,6090,6240,6030,6160,2345151,1.35
804,20221110,6150,6450,6110,6140,4154257,1.71
805,20221111,6170,6230,6070,6200,1474655,1.52
806,20221114,6100,6130,5920,6000,1620550,1.58
807,20221115,5950,6040,5940,5980,905364,1.58
808,20221116,6080,6220,5970,6000,2760788,1.37
809,20221117,5980,6090,5860,5980,1767395,1.3
810,20221118,5950,6270,5890,6230,4069930,1.66
811,20221121,6080,6130,5980,6000,1221293,1.55
812,20221122,5870,5930,5660,5660,1461974,1.53
813,20221123,5700,5750,5650,5690,667059,1.42
814,20221124,5660,5830,5660,5830,618142,1.48
815,20221125,5830,5850,5740,5790,576632,1.4
816,20221128,5660,5710,5560,5560,636365,1.36
817,20221129,5520,5620,5510,5580,618881,1.4
818,20221130,5520,5550,5450,5480,644593,1.34
819,20221201,5510,5560,5470,5560,639502,1.56
820,20221202,5570,5660,5510,5540,648554,1.43
821,20221205,5480,5490,5420,5440,557432,1.46
822,20221206,5490,5650,5450,5460,945457,1.24
823,20221207,5430,5540,5430,5490,470571,1.3
824,20221208,5480,5500,5390,5390,287135,1.26
825,20221209,5390,5420,5240,5290,484061,1.34
826,20221212,5250,5330,5250,5290,245021,1.45
827,20221213,5290,5380,5290,5300,301433,1.43
828,20221214,5280,5360,5280,5310,217122,1.59
829,20221215,5300,5460,5300,5390,366707,1.61
830,20221216,5370,5450,5320,5380,336740,1.54
831,20221219,5430,5460,5350,5420,315539,1.44
832,20221220,5370,5600,5370,5530,1011111,1.54
833,20221221,5480,5620,5420,5580,631934,1.4
834,20221222,5570,5630,5540,5590,425025,1.4
835,20221223,5570,5600,5370,5380,509471,1.32
836,20221226,5310,5660,5290,5580,1579424,1.3
837,20221227,5580,5630,5410,5520,1752227,1.07
838,20221228,5540,5650,5530,5570,1233430,1.31
839,20221229,5550,5850,5430,5680,2832467,1.6
840,20230102,5800,5900,5690,5690,1783843,1.48
841,20230103,5620,5780,5580,5690,860105,1.42
842,20230104,5630,5790,5540,5750,725421,1.3
843,20230105,5730,5870,5730,5770,939267,1.37
844,20230106,5750,5830,5720,5780,553522,1.29
845,20230109,5730,5760,5610,5750,676445,1.32
846,20230110,5720,5770,5590,5630,547125,1.26
847,20230111,5610,5710,5610,5700,439940,1.4
848,20230112,5680,5840,5670,5680,607058,1.38
849,20230113,5680,5730,5640,5660,433691,1.42
850,20230116,5680,5720,5640,5670,368637,1.49
851,20230117,5670,5700,5440,5480,1350238,0.96
852,20230118,5500,5520,5400,5430,357302,1.01
853,20230119,5360,5450,5360,5400,435337,1.19
854,20230120,5410,5440,5340,5380,458897,1.28
855,20230125,5400,5500,5370,5440,517836,1.21
856,20230126,5430,5550,5430,5510,422193,1.34
857,20230127,5480,5550,5470,5530,389757,1.27
858,20230130,5510,5580,5490,5540,546736,1.62
859,20230131,5510,5560,5490,5560,409811,1.78
860,20230201,5520,5620,5520,5590,469541,2.07
861,20230202,5600,5710,5600,5710,790597,2.25
862,20230203,5700,5760,5670,5740,559909,2.35
863,20230206,5740,5810,5730,5760,699223,2.53
864,20230207,5730,5760,5590,5620,771159,2.17
865,20230208,5600,5670,5580,5610,361281,2.15
866,20230209,5600,5600,5470,5480,630707,2.18
867,20230210,5450,5600,5400,5600,618155,1.95
868,20230213,5530,5600,5310,5370,743280,1.66
869,20230214,5380,5420,5340,5370,330496,1.46
870,20230215,5390,5500,5340,5360,623972,1.18
871,20230216,5410,5460,5370,5440,325349,1.25
872,20230217,5420,5550,5380,5540,446505,1.35
873,20230220,5730,5800,5560,5570,2368568,1.1
874,20230221,5580,5610,5530,5580,429896,1.36
875,20230222,5540,5680,5540,5580,655620,1.62
876,20230223,5590,5600,5500,5510,459902,1.4
877,20230224,5520,5630,5430,5580,948724,1.59
878,20230227,5550,5550,5350,5370,803402,1.28
879,20230228,5390,5460,5360,5420,358384,1.26
880,20230302,5400,5560,5400,5510,567292,1.39
881,20230303,5510,5610,5490,5600,513482,1.72
882,20230306,5570,5650,5530,5600,394720,1.89
883,20230307,5650,5660,5590,5640,447354,2.08
884,20230308,5620,5680,5530,5620,651199,2.2
885,20230309,5650,5680,5570,5660,471070,2.31
886,20230310,5670,5790,5500,5530,932456,1.79
887,20230313,5460,5520,5350,5470,724250,1.72
888,20230314,5490,5570,5030,5110,1284787,1.41
889,20230315,5170,5290,5160,5280,563729,1.89
890,20230316,5280,5360,5000,5040,956045,1.77
891,20230317,5100,5170,5040,5150,613769,2.05
892,20230320,5110,5270,5110,5200,474270,2.52
893,20230321,5210,5230,5150,5160,277324,2.32
894,20230322,5170,5180,4980,4990,805676,1.88
895,20230323,5000,5030,4850,4875,705959,1.84
896,20230324,4895,4985,4895,4930,361707,2.02
897,20230327,4975,5040,4920,4995,401678,2.0
898,20230328,5010,5140,4995,5100,444333,2.1
899,20230329,5110,5150,5040,5070,393754,2.36
900,20230330,5070,5160,5070,5130,304775,2.55
901,20230331,5140,5140,5020,5060,373364,2.36
902,20230403,5060,5210,5050,5160,560857,3.03
903,20230404,5130,5220,5130,5170,306278,3.07
904,20230405,5170,5250,5120,5200,359272,3.19
905,20230406,5200,5220,5070,5080,369596,3.04
906,20230407,5080,5120,5060,5090,439333,2.78
907,20230410,5150,5390,5140,5310,1314309,3.15
908,20230411,5250,5360,5170,5330,602036,2.98
909,20230412,5330,5380,5260,5320,447212,3.3
910,20230413,5370,5370,5230,5240,730786,3.09
911,20230414,5300,5300,5180,5250,537950,3.27
912,20230417,5240,5270,5160,5210,318477,3.42
913,20230418,5210,5230,5130,5160,328395,3.33
914,20230419,5210,5490,5170,5310,1722969,3.95
915,20230420,5370,6400,5370,5750,27918465,2.2
916,20230421,5750,5900,5610,5800,4284843,2.22
917,20230424,5740,5960,5630,5800,3562391,1.79
918,20230425,5800,5840,5460,5580,2349867,1.72
919,20230426,5410,5470,5240,5400,1421663,1.73
920,20230427,5300,5350,5090,5130,1330504,1.68
921,20230428,5110,5170,5060,5120,774682,1.49
922,20230502,5180,5300,5130,5210,942874,2.16
923,20230503,5150,5310,5140,5260,505045,2.24
924,20230504,5290,5430,5200,5230,1155106,1.41
925,20230508,5220,5330,5200,5320,536121,1.8
926,20230509,5270,5310,5150,5190,542157,1.4
927,20230510,5210,5320,5180,5200,858360,1.59
928,20230511,5270,5370,5200,5240,927354,1.89
929,20230512,5230,5230,5060,5150,725668,1.35
930,20230515,5120,5130,5060,5080,366840,1.4
931,20230516,5060,5110,5000,5030,484179,1.35
932,20230517,5140,5140,5030,5100,497575,1.58
933,20230518,5100,5340,5080,5240,1580782,2.25
934,20230519,5210,5280,5160,5250,501696,2.44
935,20230522,5280,5310,5240,5240,476388,2.94
936,20230523,5260,5280,5220,5250,250357,3.15
937,20230524,5260,5280,5180,5260,270850,3.19
938,20230525,5240,5300,5200,5250,363871,3.3
939,20230526,5280,5290,5140,5150,431330,2.85
940,20230530,5280,5360,5240,5330,858440,3.38
941,20230531,5390,5430,5130,5130,1991473,1.63
942,20230601,5120,5150,5070,5150,475294,1.5
943,20230602,5120,5170,5110,5150,297958,1.55
944,20230605,5160,5210,5160,5200,304076,1.75
945,20230607,5190,5210,5160,5180,296843,1.85
946,20230608,5190,5220,5160,5210,234185,1.87
947,20230609,5210,5210,5160,5200,267514,1.69
948,20230612,5190,5200,5150,5160,291617,1.73
949,20230613,5160,5180,5130,5140,237297,1.78
950,20230614,5140,5150,5020,5070,498326,1.61
951,20230615,5040,5090,5020,5070,241386,1.56
952,20230616,5090,5150,5080,5110,346895,1.66
953,20230619,5070,5230,5060,5180,813124,2.06
954,20230620,5220,5280,5100,5190,835265,1.94
955,20230621,5140,5190,5110,5110,239323,1.96
956,20230622,5070,5120,5040,5050,269160,1.8
957,20230623,5040,5080,4985,5000,340228,1.66
958,20230626,5000,5010,4935,4975,292753,1.71
959,20230627,4945,5010,4945,4960,161945,1.75
960,20230628,4985,5090,4950,4960,254607,1.68
961,20230629,4955,4980,4885,4900,285033,1.57
962,20230630,4895,4960,4855,4925,138416,1.54
963,20230703,4935,4940,4895,4910,248922,1.61
964,20230704,4910,4915,4850,4850,314197,1.55
965,20230705,4835,4845,4765,4780,351131,1.46
966,20230706,4740,4775,4580,4595,499213,1.23
967,20230707,4595,4670,4565,4645,203594,1.25
968,20230710,4615,4750,4605,4685,253359,1.31
969,20230711,4710,4825,4710,4825,224097,1.46
970,20230712,4820,4980,4760,4785,439846,1.39
971,20230713,4795,4835,4735,4760,257577,1.42
972,20230714,4805,4805,4670,4780,323121,1.41
973,20230717,4780,5250,4765,4780,1875992,1.01
974,20230718,4780,4795,4695,4710,243632,0.95
975,20230719,4740,4740,4630,4670,274114,1.06
976,20230720,4675,4680,4630,4630,158838,1.1
977,20230721,4635,4685,4595,4605,185617,1.1
978,20230724,4610,4645,4470,4470,335675,1.09
979,20230725,4430,4475,4240,4240,573380,1.05
980,20230726,4220,4235,3880,4005,942471,1.55
981,20230727,3930,4200,3930,4145,330320,1.85
982,20230728,4045,4190,4045,4180,177533,1.9
983,20230731,4140,4225,4140,4180,135177,1.94
984,20230801,4170,4235,4170,4230,172039,2.03
985,20230802,4230,4275,4095,4120,251314,1.83
986,20230803,4140,4140,4000,4140,247418,1.76
987,20230804,4100,4150,4055,4140,173772,1.91
988,20230807,4105,4210,4050,4140,160637,1.87
989,20230808,4140,4190,4050,4055,175351,1.71
990,20230809,4055,4150,4040,4140,132858,1.91
991,20230810,4085,4210,4085,4200,177419,1.95
992,20230811,4200,4290,4195,4290,220426,2.04
993,20230814,4300,4300,4150,4165,186121,1.86
994,20230816,4150,4165,4045,4075,152987,1.8
995,20230817,4075,4195,4005,4170,244285,1.87
996,20230818,4160,4345,4105,4285,425664,2.07
997,20230821,4280,4310,4210,4280,215404,2.08
998,20230822,4290,4450,4270,4450,589316,2.08
999,20230823,4410,4540,4345,4480,508281,2.08
