,날짜,시가,고가,저가,종가,거래량,외국인소진율
0,20190807,2930,3035,2930,3025,153126,7.81
1,20190808,3020,3180,3020,3160,138410,7.82
2,20190809,3165,3245,3165,3210,100933,7.77
3,20190812,3210,3250,3165,3200,34865,7.76
4,20190813,3215,3215,3165,3205,50333,7.76
5,20190814,3220,3260,3210,3230,79905,7.76
6,20190816,3250,3320,3220,3270,139456,7.71
7,20190819,3100,3170,2925,2995,610094,7.39
8,20190820,2995,3070,2965,3070,182761,7.44
9,20190821,3085,3155,3040,3150,141457,7.54
10,20190822,3150,3220,3140,3170,119794,7.63
11,20190823,3165,3255,3135,3185,132896,7.79
12,20190826,3150,3150,3000,3015,137234,7.71
13,20190827,3060,3105,3040,3060,79743,7.75
14,20190828,3085,3090,3045,3080,58937,7.76
15,20190829,3080,3080,3030,3040,64408,7.9
16,20190830,3040,3145,3040,3110,100103,7.93
17,20190902,3135,3225,3110,3200,111503,7.97
18,20190903,3200,3245,3180,3220,194497,8.0
19,20190904,3235,3245,3185,3220,131301,7.96
20,20190905,3220,3265,3210,3245,121560,7.98
21,20190906,3265,3405,3265,3335,325511,7.99
22,20190909,3325,3375,3235,3270,155613,8.0
23,20190910,3260,3300,3220,3230,70449,7.98
24,20190911,3220,3280,3220,3255,88487,7.76
25,20190916,3270,3350,3270,3295,80516,7.73
26,20190917,3285,3320,3265,3275,64990,7.7
27,20190918,3275,3295,3260,3285,34399,7.67
28,20190919,3315,3335,3290,3315,57140,7.67
29,20190920,3345,3365,3310,3315,67530,7.76
30,20190923,3320,3330,3265,3285,81765,7.63
31,20190924,3285,3320,3255,3260,55052,7.64
32,20190925,3260,3275,3175,3175,136455,7.6
33,20190926,3175,3210,3165,3170,48016,7.61
34,20190927,3170,3195,3150,3170,27174,7.61
35,20190930,3140,3170,3090,3120,64251,7.58
36,20191001,3120,3195,3120,3165,81403,7.6
37,20191002,3130,3170,3100,3100,57771,7.57
38,20191004,3120,3120,3050,3055,67919,7.51
39,20191007,3060,3090,3025,3040,51116,7.46
40,20191008,3025,3090,3015,3070,62451,7.38
41,20191010,3070,3095,3025,3040,63041,7.34
42,20191011,3050,3080,3025,3060,61098,7.28
43,20191014,3080,3120,3045,3080,154175,7.25
44,20191015,3055,3100,3045,3060,95626,7.2
45,20191016,3065,3110,3050,3060,160791,7.17
46,20191017,3065,3095,3060,3085,101132,7.23
47,20191018,3080,3100,3070,3085,86883,7.24
48,20191021,3085,3125,3075,3120,153415,7.05
49,20191022,3120,3150,3060,3100,136537,6.95
50,20191023,3090,3150,3070,3100,110290,6.98
51,20191024,3100,3130,3040,3060,147593,6.99
52,20191025,3060,3075,3010,3020,118571,6.94
53,20191028,3020,3040,3010,3025,76020,6.92
54,20191029,3035,3055,2990,3015,96663,7.07
55,20191030,3020,3020,2975,3000,121283,7.04
56,20191031,3020,3045,3000,3040,119457,7.12
57,20191101,3010,3065,3010,3060,70151,7.16
58,20191104,3065,3130,3050,3120,135807,7.27
59,20191105,3120,3120,3090,3100,53970,7.25
60,20191106,3100,3155,3095,3145,148021,7.38
61,20191107,3145,3165,3125,3165,101167,7.4
62,20191108,3170,3215,3150,3170,188739,7.46
63,20191111,3190,3210,3145,3165,81646,7.42
64,20191112,3150,3190,3135,3180,97059,7.44
65,20191113,3195,3200,3120,3150,109136,7.37
66,20191114,3150,3225,3120,3145,138033,7.38
67,20191115,3145,3190,3130,3180,103306,7.43
68,20191118,3210,3340,3200,3325,742094,7.45
69,20191119,3335,3455,3285,3455,674548,7.65
70,20191120,3470,3545,3415,3495,705803,7.81
71,20191121,3520,3545,3400,3480,349389,7.84
72,20191122,3480,3510,3350,3360,247081,7.78
73,20191125,3400,3485,3400,3450,247883,7.83
74,20191126,3435,3475,3415,3435,138106,7.84
75,20191127,3420,3465,3390,3400,110392,7.88
76,20191128,3410,3435,3390,3395,102024,7.91
77,20191129,3395,3420,3260,3310,192161,7.94
78,20191202,3330,3380,3285,3300,101351,7.93
79,20191203,3280,3310,3200,3250,137745,8.0
80,20191204,3250,3255,3190,3220,137325,7.98
81,20191205,3225,3300,3200,3225,93661,7.99
82,20191206,3215,3275,3215,3255,95448,8.01
83,20191209,3275,3285,3230,3255,77906,8.0
84,20191210,3255,3260,3210,3215,96329,7.95
85,20191211,3210,3270,3205,3240,100672,7.95
86,20191212,3285,3365,3260,3290,211921,7.93
87,20191213,3325,3325,3275,3310,83993,7.9
88,20191216,3295,3395,3280,3355,215939,7.91
89,20191217,3375,3435,3355,3395,181020,7.55
90,20191218,3395,3430,3380,3410,101311,7.56
91,20191219,3440,3440,3370,3380,78294,7.51
92,20191220,3380,3395,3340,3360,119981,7.56
93,20191223,3360,3370,3300,3300,169160,7.49
94,20191224,3300,3335,3270,3335,83484,7.39
95,20191226,3340,3400,3335,3395,149315,7.24
96,20191227,3310,3360,3305,3340,146187,7.19
97,20191230,3360,3370,3315,3320,115374,7.16
98,20200102,3350,3350,3285,3320,87684,7.21
99,20200103,3325,3360,3300,3350,157447,7.24
100,20200106,3355,3365,3245,3245,164293,7.19
101,20200107,3250,3295,3250,3290,81060,7.17
102,20200108,3285,3285,3150,3170,225709,6.96
103,20200109,3205,3260,3205,3245,93999,6.99
104,20200110,3245,3285,3230,3260,78032,7.0
105,20200113,3260,3295,3250,3290,72918,7.02
106,20200114,3290,3325,3270,3290,127112,7.05
107,20200115,3280,3340,3280,3340,110483,7.07
108,20200116,3340,3365,3310,3355,95406,7.06
109,20200117,3365,3480,3345,3440,470822,7.21
110,20200120,3460,3470,3360,3390,231098,7.08
111,20200121,3380,3440,3330,3355,109685,7.06
112,20200122,3355,3395,3340,3375,65787,7.03
113,20200123,3370,3390,3335,3350,85667,6.99
114,20200128,3255,3280,3180,3215,172145,6.97
115,20200129,3215,3255,3210,3215,90554,6.92
116,20200130,3215,3240,3110,3120,183864,6.87
117,20200131,3160,3160,3010,3040,171417,6.7
118,20200203,2985,3065,2950,3060,201562,6.6
119,20200204,3060,3155,3050,3145,105859,6.57
120,20200205,3150,3175,3115,3120,108936,6.47
121,20200206,3145,3185,3110,3175,159493,6.35
122,20200207,3175,3175,3115,3125,115688,6.25
123,20200210,3140,3215,3090,3180,207114,6.28
124,20200211,3170,3225,3160,3170,133769,6.25
125,20200212,3180,3310,3170,3295,335728,6.22
126,20200213,3305,3335,3260,3285,336468,6.11
127,20200214,3270,3335,3230,3245,222169,6.05
128,20200217,3275,3280,3200,3270,149115,6.02
129,20200218,3240,3270,3170,3205,146458,5.93
130,20200219,3200,3215,3125,3155,192903,5.85
131,20200220,3170,3170,3100,3110,188868,5.78
132,20200221,3065,3130,3065,3080,209405,5.77
133,20200224,3035,3060,2995,3020,353378,5.77
134,20200225,3005,3130,2975,3040,130143,5.6
135,20200226,2995,3380,2975,3375,3380803,5.0
136,20200227,3405,3580,3165,3180,3281852,4.61
137,20200228,3275,3675,3210,3515,12494631,3.41
138,20200302,3530,3725,3370,3570,6332711,3.39
139,20200303,3530,3630,3460,3590,2553412,3.13
140,20200304,3580,3705,3460,3570,2477996,2.99
141,20200305,3575,3830,3490,3830,3564017,2.69
142,20200306,3730,3795,3650,3675,2147975,2.66
143,20200309,3600,3655,3390,3390,1773541,2.64
144,20200310,3280,3385,3150,3285,1458567,2.9
145,20200311,3315,3580,3280,3415,3135041,2.39
146,20200312,3410,3570,3270,3340,1891245,2.57
147,20200313,3175,3200,2720,2990,1407046,2.73
148,20200316,3005,3105,2825,2850,1081020,2.9
149,20200317,2615,2880,2615,2855,871355,2.87
150,20200318,2875,2935,2625,2625,885888,2.87
151,20200319,2675,2700,2110,2185,978909,3.0
152,20200320,2245,2460,2240,2440,890835,3.16
153,20200323,2290,2420,2275,2340,587551,3.4
154,20200324,2425,2490,2375,2470,543404,3.41
155,20200325,2555,2605,2490,2560,687435,3.34
156,20200326,2615,2690,2540,2575,699751,3.34
157,20200327,2720,2730,2455,2540,1096601,3.25
158,20200330,2570,3050,2545,3015,2171407,3.43
159,20200331,3525,3915,3420,3915,8909538,2.84
160,20200401,4020,4215,3540,3625,6762082,2.96
161,20200402,3625,4550,3460,4210,24850868,3.07
162,20200403,4210,4370,3905,4060,4251620,2.84
163,20200406,4040,4275,4005,4070,2956470,2.77
164,20200407,4115,4115,3880,3985,1958125,2.91
165,20200408,4050,4490,3930,3930,5905430,2.67
166,20200409,3930,4085,3910,3975,1943473,2.95
167,20200410,3985,4200,3610,4045,5152852,2.79
168,20200413,3945,4440,3945,3970,7679215,2.73
169,20200414,4045,4295,4035,4115,3701119,2.82
170,20200416,4245,4400,4080,4400,3397824,2.85
171,20200417,4355,4460,4245,4345,3563294,2.66
172,20200420,4350,4740,4280,4425,9981301,2.62
173,20200421,4385,4500,3935,4125,4417696,2.69
174,20200422,4090,4105,3950,4055,1722601,2.72
175,20200423,4110,4235,4035,4235,1967736,2.63
176,20200424,4150,4225,4040,4095,1596456,2.65
177,20200427,4205,4435,4160,4355,5159842,2.47
178,20200428,4315,4350,4145,4200,1490969,2.43
179,20200429,4245,4290,4050,4050,1562981,2.6
180,20200504,4075,4210,4055,4100,968335,2.65
181,20200506,4150,4375,4140,4375,1885372,2.86
182,20200507,4320,4390,4245,4360,1422369,2.68
183,20200508,4415,4595,4300,4550,3577651,3.15
184,20200511,4600,4860,4520,4745,6592199,3.68
185,20200512,4745,4800,4570,4640,1972870,4.02
186,20200513,4570,4660,4490,4570,1299307,4.06
187,20200514,4560,4715,4495,4565,1677887,3.67
188,20200515,4580,4620,4150,4290,3226926,3.9
189,20200518,4265,4360,4195,4290,1030409,4.04
190,20200519,4385,4510,4305,4330,2358423,3.95
191,20200520,4330,4460,4330,4415,806025,4.04
192,20200521,4455,4460,4300,4305,964948,3.99
193,20200522,4340,4355,4080,4170,1086781,4.05
194,20200525,4210,4345,4190,4345,973602,4.29
195,20200526,4400,4430,4320,4380,1074133,3.98
196,20200527,4385,4385,4235,4235,698712,3.85
197,20200528,4250,4320,4080,4185,932326,3.93
198,20200529,4190,4260,4080,4150,810066,3.97
199,20200601,4170,4205,4120,4175,580120,4.01
200,20200602,4230,4230,4135,4140,444823,3.95
201,20200603,4155,4190,4045,4055,758674,3.94
202,20200604,4030,4085,4030,4070,428579,3.92
203,20200605,4105,4240,4075,4155,1528689,4.01
204,20200608,4175,4180,4080,4085,441330,3.88
205,20200609,4100,4145,4030,4035,499164,3.76
206,20200610,4085,4135,4010,4035,415256,3.8
207,20200611,4040,4085,3960,3980,473772,3.73
208,20200612,3775,3890,3770,3850,652900,3.83
209,20200615,3850,3900,3565,3600,846039,3.83
210,20200616,3710,3760,3670,3750,528670,4.0
211,20200617,3750,3805,3680,3765,411280,3.82
212,20200618,3760,3855,3705,3830,321505,3.89
213,20200619,3930,4015,3830,3990,743064,3.88
214,20200622,4100,4120,3960,4020,616002,3.73
215,20200623,4025,4050,3925,3965,377680,3.72
216,20200624,4015,4040,3945,3980,371573,3.77
217,20200625,3910,3950,3870,3930,302406,3.71
218,20200626,3980,4000,3870,3930,255186,3.65
219,20200629,3835,3895,3805,3820,243177,3.63
220,20200630,3970,4085,3855,3855,1033685,3.28
221,20200701,3930,4025,3865,3900,371266,3.35
222,20200702,3905,3930,3835,3905,226997,3.33
223,20200703,3910,3930,3835,3905,208720,3.29
224,20200706,3915,4070,3885,4020,537824,3.44
225,20200707,4050,4065,3955,4000,272300,3.33
226,20200708,4050,4265,4000,4195,3050850,3.22
227,20200709,4195,4305,4145,4285,1380976,3.34
228,20200710,4285,4330,4215,4320,1185655,3.21
229,20200713,4370,4440,4300,4425,2044661,3.08
230,20200714,4405,4405,4260,4270,930862,2.99
231,20200715,4290,4315,4205,4235,636876,3.01
232,20200716,4230,4315,4195,4260,379092,3.09
233,20200717,4260,4290,4180,4195,330773,2.98
234,20200720,4200,4250,4135,4230,415300,3.02
235,20200721,4200,4240,4165,4200,317899,3.0
236,20200722,4185,4300,4150,4230,610267,3.0
237,20200723,4230,4230,4160,4175,324480,2.74
238,20200724,4210,4340,4165,4180,1791091,2.84
239,20200727,4215,4340,4200,4295,1052234,2.93
240,20200728,4320,4320,4195,4200,586933,2.79
241,20200729,4200,4230,4180,4220,309870,2.79
242,20200730,4265,4295,4195,4225,442550,2.77
243,20200731,4230,4240,4150,4150,329459,2.76
244,20200803,4230,4335,4230,4310,1609816,3.22
245,20200804,4355,4360,4265,4295,762601,3.13
246,20200805,4300,4315,4255,4270,449572,3.21
247,20200806,4300,4625,4300,4365,4983026,2.73
248,20200807,4390,4390,4285,4390,807920,2.83
249,20200810,4585,4780,4435,4445,5104102,2.65
250,20200811,4495,4860,4425,4835,6374266,2.98
251,20200812,4755,4760,4540,4590,2743197,2.54
252,20200813,4645,4735,4570,4585,1614068,2.79
253,20200814,4615,4625,4380,4390,1290425,2.72
254,20200818,4340,4370,4005,4035,1230698,2.73
255,20200819,4070,4155,4035,4100,454224,2.72
256,20200820,4135,4135,3850,3915,831276,2.72
257,20200821,3955,4050,3905,3980,467321,2.84
258,20200824,4005,4225,4005,4225,922823,3.01
259,20200825,4295,4420,4255,4415,1169362,3.31
260,20200826,4490,4700,4370,4595,3236445,3.61
261,20200827,4495,4500,4330,4375,1969111,2.78
262,20200828,4350,4440,4315,4345,831118,2.9
263,20200831,4480,5070,4410,4820,11167161,3.67
264,20200901,4835,5130,4655,4960,6010711,2.78
265,20200902,5040,5240,4835,4950,3918513,2.55
266,20200903,5010,5020,4755,4770,2101919,2.39
267,20200904,4505,4865,4495,4840,1950831,2.66
268,20200907,4780,4780,4710,4720,1262552,2.53
269,20200908,4725,4725,4560,4650,1071444,2.5
270,20200909,4570,4620,4535,4535,438357,2.57
271,20200910,4560,4630,4560,4595,397770,2.56
272,20200911,4535,4715,4535,4680,551362,2.67
273,20200914,4780,4780,4665,4680,413736,2.62
274,20200915,4760,4780,4680,4710,705967,2.73
275,20200916,4730,4730,4575,4605,392003,2.72
276,20200917,4610,4650,4470,4470,454424,2.72
277,20200918,4470,4565,4460,4500,278620,2.68
278,20200921,4565,4565,4340,4355,364320,2.65
279,20200922,4355,4405,4175,4240,462460,2.58
280,20200923,4270,4330,4100,4240,269839,2.55
281,20200924,4190,4195,4055,4085,549257,2.52
282,20200925,4110,4125,4000,4000,575338,2.52
283,20200928,4050,4130,4050,4090,195860,2.56
284,20200929,4155,4275,4120,4275,365714,2.39
285,20201005,4325,4465,4300,4380,882630,2.4
286,20201006,4435,4475,4360,4390,270659,2.42
287,20201007,4385,4420,4335,4385,168123,2.49
288,20201008,4440,4450,4390,4400,167240,2.48
289,20201012,4415,4570,4415,4510,562608,2.53
290,20201013,4510,4535,4415,4465,289776,2.48
291,20201014,4475,4560,4395,4445,360160,2.47
292,20201015,4445,4480,4300,4350,352041,2.46
293,20201016,4335,4395,4240,4275,189994,2.39
294,20201019,4345,4345,4245,4245,196607,2.34
295,20201020,4205,4300,4185,4245,130931,2.3
296,20201021,4295,4330,4245,4320,131082,2.36
297,20201022,4310,4330,4255,4290,181241,2.32
298,20201023,4325,4325,4250,4250,126067,2.28
299,20201026,4260,4300,4110,4110,219481,2.26
300,20201027,4060,4170,4035,4050,189070,2.29
301,20201028,4015,4150,4015,4130,105536,2.32
302,20201029,4100,4130,4055,4125,97049,2.31
303,20201030,4130,4145,4075,4075,135756,2.27
304,20201102,4075,4155,4065,4100,99294,2.27
305,20201103,4135,4195,4095,4110,166496,2.26
306,20201104,4175,4200,4125,4160,136416,2.24
307,20201105,4190,4255,4190,4230,201969,2.21
308,20201106,4280,4290,4215,4240,179339,2.16
309,20201109,4350,4525,4330,4495,1020833,2.42
310,20201110,4480,4605,4435,4515,762834,2.51
311,20201111,4565,4570,4460,4525,336802,2.55
312,20201112,4555,4635,4535,4610,500125,2.85
313,20201113,4610,4635,4480,4510,424002,2.82
314,20201116,4575,4645,4385,4400,745651,2.94
315,20201117,4445,4465,4350,4370,420746,2.82
316,20201118,4390,4420,4340,4370,303085,2.81
317,20201119,4345,4430,4310,4355,283234,2.85
318,20201120,4390,4415,4360,4410,306221,2.8
319,20201123,4460,4490,4410,4430,430686,2.64
320,20201124,4460,4530,4460,4520,529653,2.81
321,20201125,4530,4550,4350,4400,473201,2.52
322,20201126,4380,4615,4340,4580,1085997,2.82
323,20201127,4580,4620,4520,4580,543893,2.57
324,20201130,4635,5180,4605,5180,12154308,2.74
325,20201201,5100,5280,4990,5150,5102533,2.35
326,20201202,5120,5360,5100,5150,2856100,2.17
327,20201203,5240,5240,5040,5120,1352789,2.29
328,20201204,5120,5140,4910,4990,1595430,2.33
329,20201207,4995,5090,4915,4935,917890,2.34
330,20201208,4915,5410,4915,5260,7531721,2.11
331,20201209,5260,5370,5130,5300,2331986,2.03
332,20201210,5220,5360,5070,5090,1410085,2.01
333,20201211,5170,5270,5100,5150,1102502,1.93
334,20201214,5220,5590,5190,5390,4547097,1.92
335,20201215,5360,5650,5340,5520,3789152,2.05
336,20201216,5580,5640,5390,5460,1739016,2.02
337,20201217,5440,6990,5440,6440,39024110,2.39
338,20201218,6350,6700,6310,6520,8198067,2.0
339,20201221,6520,6770,6410,6510,5105630,2.02
340,20201222,6430,6830,6180,6190,4635194,2.02
341,20201223,6200,6380,5970,6160,2045006,2.22
342,20201224,6150,6340,6010,6160,1501327,2.13
343,20201228,6200,6520,6100,6350,3269752,2.18
344,20201229,6360,6530,6330,6360,1759932,2.21
345,20201230,6400,6730,6370,6730,3582784,2.19
346,20210104,6640,6760,6490,6720,2262455,2.16
347,20210105,6610,6820,6470,6470,2645712,2.35
348,20210106,6530,7180,6330,6570,5757413,2.39
349,20210107,6650,6840,6580,6630,2275370,2.25
350,20210108,6660,6680,6430,6590,1522531,2.31
351,20210111,6570,6750,6350,6450,1464632,2.16
352,20210112,6460,6570,6300,6460,738145,2.11
353,20210113,6460,6560,6420,6420,584382,2.16
354,20210114,6480,6680,6390,6590,1060527,2.31
355,20210115,6610,6640,6390,6420,800549,2.19
356,20210118,6400,6420,5970,6030,1071727,2.45
357,20210119,6010,6250,5960,6170,556590,2.73
358,20210120,6210,6820,6040,6500,5430826,2.24
359,20210121,6560,7110,6530,6800,6103253,2.74
360,20210122,6750,6930,6610,6770,1265789,2.68
361,20210125,6770,6790,6570,6580,1021308,2.39
362,20210126,6610,6640,6400,6510,823399,2.4
363,20210127,6510,6640,6380,6390,688936,2.47
364,20210128,6220,6470,6170,6250,766769,2.51
365,20210129,6300,6360,5910,6030,721057,2.4
366,20210201,5980,6240,5800,6150,465873,2.4
367,20210202,6220,6330,6120,6170,412720,2.4
368,20210203,6310,6380,6160,6380,538660,2.54
369,20210204,6350,6430,6250,6320,443690,2.6
370,20210205,6360,6410,6250,6250,263967,2.6
371,20210208,6160,6280,6100,6120,332283,2.67
372,20210209,6120,6220,6070,6090,270246,2.67
373,20210210,6110,6390,5980,6120,930083,2.4
374,20210215,6130,6570,6100,6210,1515132,2.46
375,20210216,6250,6320,6180,6200,394354,2.57
376,20210217,6180,6420,6180,6350,687921,2.89
377,20210218,6510,6540,6340,6380,736567,2.58
378,20210219,6390,6770,6350,6580,2683635,2.65
379,20210222,6760,6920,6600,6730,3380162,2.19
380,20210223,6670,7460,6490,6570,8786215,2.17
381,20210224,6630,6710,6230,6230,1386581,2.21
382,20210225,6370,6890,6350,6840,3154796,3.66
383,20210226,6610,6790,6510,6650,1901058,2.59
384,20210302,6730,6750,6330,6410,1689606,2.41
385,20210303,6540,6630,6340,6350,1985947,2.39
386,20210304,6250,6300,6080,6160,860601,2.38
387,20210305,6030,6340,5980,6160,997162,2.35
388,20210308,6240,6240,6010,6010,380253,2.33
389,20210309,6020,6040,5720,5900,810504,2.3
390,20210310,5900,5990,5670,5720,466551,2.27
391,20210311,5730,5900,5670,5840,234013,2.36
392,20210312,5840,6020,5840,6020,327905,2.43
393,20210315,6000,6090,5930,6020,399471,2.49
394,20210316,6050,6080,5940,6010,401169,2.48
395,20210317,6030,6090,5980,6000,287133,2.51
396,20210318,6030,6100,6020,6100,254090,2.62
397,20210319,6070,6560,6000,6560,1516827,2.69
398,20210322,6770,6850,6160,6200,2823006,2.39
399,20210323,6170,6220,5990,6010,789001,2.3
400,20210324,6000,6100,5900,5970,467521,2.5
401,20210325,5960,6060,5950,6060,222306,2.53
402,20210326,6070,6090,5990,6020,222763,2.51
403,20210329,6030,6190,5970,6020,400162,2.48
404,20210330,6020,6140,6020,6050,250522,2.53
405,20210331,6060,6380,6050,6380,1036809,2.77
406,20210401,6380,6400,6270,6350,701304,2.65
407,20210402,6360,6380,6200,6210,422115,2.51
408,20210405,6220,6440,6130,6350,616674,2.63
409,20210406,6340,6460,6220,6290,622405,2.44
410,20210407,6300,6460,6250,6280,668151,2.47
411,20210408,6300,6470,6250,6460,692730,2.7
412,20210409,6480,6510,6390,6470,584043,2.5
413,20210412,6500,6550,6410,6440,478960,2.48
414,20210413,6460,6460,6310,6360,550335,2.43
415,20210414,6360,6540,6350,6460,764499,2.95
416,20210415,6480,6500,6410,6450,254986,2.88
417,20210416,6490,6490,6350,6360,269726,2.8
418,20210419,6380,6470,6360,6380,314239,2.83
419,20210420,6430,6600,6410,6460,701731,2.99
420,20210421,6420,6460,6320,6360,305753,2.89
421,20210422,6370,6420,6330,6410,220950,2.91
422,20210423,6350,6640,6350,6590,847842,3.44
423,20210426,6620,6740,6530,6620,916892,3.03
424,20210427,6920,7380,6660,7270,8573920,3.21
425,20210428,7210,7220,6720,6840,2392341,3.23
426,20210429,6840,7020,6750,6970,1403018,3.23
427,20210430,7050,7160,6660,6700,1455428,2.79
428,20210503,6660,6930,6560,6590,779214,2.86
429,20210504,6590,6670,6390,6590,634253,2.97
430,20210506,6610,6770,6530,6690,430520,3.01
431,20210507,6720,6950,6710,6830,774228,3.07
432,20210510,6950,7100,6850,7100,983767,2.92
433,20210511,7000,7220,6990,7090,857838,2.91
434,20210512,7200,7650,7000,7650,3112436,2.7
435,20210513,7610,7900,7210,7310,3938725,2.57
436,20210514,7380,7440,7010,7030,1016469,2.54
437,20210517,7090,7250,6870,6910,1230088,2.46
438,20210518,8130,8980,7810,8980,17748397,2.47
439,20210520,9780,10150,9240,9630,27847713,2.35
440,20210521,9580,9750,8940,8970,5429845,2.39
441,20210524,9020,9150,8650,8730,2292395,2.43
442,20210525,8920,9560,8770,9440,7219061,2.27
443,20210526,9280,9350,9010,9080,1586948,2.18
444,20210527,9130,9520,9110,9160,1924133,2.04
445,20210528,9190,11700,9190,11150,26414745,2.32
446,20210531,11150,11400,10600,11100,4583740,2.12
447,20210601,11000,12800,10700,11850,14949520,1.96
448,20210602,11850,12300,11650,12050,2873141,2.26
449,20210603,12000,12250,11800,11800,1502298,2.38
450,20210604,11800,12050,11200,11400,1807378,2.37
451,20210607,11450,11700,11050,11450,1403507,2.63
452,20210608,11550,12950,11200,11300,6851451,2.61
453,20210609,11100,11500,10850,11150,1637569,2.5
454,20210610,11050,13100,11050,12550,9239771,3.18
455,20210611,12750,12950,12050,12550,2992627,2.83
456,20210614,13250,15100,12850,13700,13662384,3.15
457,20210615,13750,15150,13550,14250,8276038,2.69
458,20210616,14250,14650,13900,14350,1926812,2.56
459,20210617,14250,16150,14200,15600,7203520,2.95
460,20210618,15950,19150,15750,17500,13804117,2.78
461,20210621,17350,18500,17050,17450,3576140,2.11
462,20210622,18100,22650,17700,21000,18496454,3.08
463,20210623,21700,26050,21400,23600,18053145,2.59
464,20210624,22750,24300,21400,23300,7367666,2.16
465,20210625,24000,24300,22500,22550,2721647,2.02
466,20210628,22550,22550,21100,21200,2918407,2.0
467,20210629,20700,22350,20500,20800,3837817,2.01
468,20210630,21300,22300,21100,21750,2128663,2.1
469,20210701,22250,25400,22000,25200,15247096,3.18
470,20210702,24700,24750,23550,23700,2908611,2.55
471,20210705,24250,24650,22700,23700,2623867,2.44
472,20210706,23450,24400,23100,23700,1529101,2.33
473,20210707,23850,24200,23400,23950,1288734,2.41
474,20210708,24350,26750,23850,23850,5507975,2.08
475,20210709,23100,24000,22550,23600,1935391,2.16
476,20210712,24200,24400,23050,23050,1069258,2.15
477,20210713,22850,23300,21800,22300,1608086,2.14
478,20210714,22500,22550,20800,20950,2657476,2.22
479,20210715,21300,22100,20750,20950,2234877,2.26
480,20210716,21550,22200,21200,21850,1818805,2.25
481,20210719,21550,21550,20300,20750,1162206,2.03
482,20210720,19750,20750,19550,20750,1382367,2.29
483,20210721,21150,21150,19900,19900,1080024,2.02
484,20210722,19900,20300,19050,19100,1330573,2.12
485,20210723,19350,20100,19100,19200,1163690,2.15
486,20210726,19250,20000,18700,19350,1462607,2.27
487,20210727,19750,21850,19300,21850,5533461,2.57
488,20210728,24500,24800,21600,21700,11337722,2.06
489,20210729,21200,21950,20300,20450,2367483,2.13
490,20210730,20500,21200,19850,19900,1454507,2.1
491,20210802,19800,20700,19800,20200,793803,2.12
492,20210803,20100,21550,20000,21000,1502917,2.12
493,20210804,21500,21900,20650,21300,1218381,2.08
494,20210805,21200,21200,20700,20850,756946,2.05
495,20210806,20750,20950,20350,20400,774084,2.04
496,20210809,20200,20300,19700,19800,890516,2.08
497,20210810,19800,20250,19300,20050,728474,2.36
498,20210811,20050,20250,19000,19400,888403,2.15
499,20210812,19300,20100,19300,19850,674352,2.18
500,20210813,19800,19800,19050,19600,1067294,2.2
501,20210817,21650,21650,19650,19650,4049944,1.96
502,20210818,19250,19850,18900,19100,1154822,2.06
503,20210819,18800,19000,16950,17050,2126267,2.15
504,20210820,17000,17550,16150,16250,1500304,2.79
505,20210823,16650,19850,16500,18850,7009085,3.34
506,20210824,19250,19450,18100,18900,2325063,3.15
507,20210825,18700,19250,18400,18500,1072912,3.03
508,20210826,18500,19400,18350,18700,1566730,2.81
509,20210827,18400,18550,17900,18050,818178,2.56
510,20210830,18300,18350,17400,17600,825153,2.51
511,20210831,17800,18150,17500,17900,732665,2.43
512,20210901,17900,18800,17800,18050,993414,2.31
513,20210902,18050,18400,17700,17800,657537,2.4
514,20210903,17850,18300,17700,17950,629017,2.48
515,20210906,18250,18250,17600,17600,579412,2.45
516,20210907,17650,17700,17400,17500,341910,2.46
517,20210908,17500,17600,16800,16900,722390,2.49
518,20210909,17300,18200,17000,17000,1281151,2.33
519,20210910,16900,17400,16850,17300,479915,2.65
520,20210913,17300,17300,16650,16700,501424,2.51
521,20210914,16800,16950,16550,16700,494816,2.74
522,20210915,16700,16850,16450,16550,477811,2.96
523,20210916,16650,16750,16100,16250,585870,3.14
524,20210917,16150,16850,15800,16750,827334,3.34
525,20210923,16550,16900,16100,16100,520162,3.22
526,20210924,16050,16550,16000,16150,353096,3.44
527,20210927,16100,17050,15750,16700,759840,3.74
528,20210928,16750,17100,16400,16400,478890,3.62
529,20210929,15800,16250,15750,16250,687246,3.63
530,20210930,17800,18800,16250,16250,4854516,2.38
531,20211001,16100,16750,15850,16300,916650,2.47
532,20211005,16000,16200,15000,15300,879511,2.41
533,20211006,15150,15500,13650,13650,1135334,2.73
534,20211007,13850,16250,13850,15300,2855818,3.47
535,20211008,15350,15650,14900,15450,628698,3.69
536,20211012,15200,15300,14600,14800,422889,3.58
537,20211013,14650,15100,14600,14900,290729,3.65
538,20211014,15050,15400,14900,15300,344220,3.68
539,20211015,16050,17000,15050,15050,1600433,2.31
540,20211018,15150,16600,15100,15800,2532282,3.02
541,20211019,16000,16100,15450,15750,583521,2.78
542,20211020,15750,15800,15200,15200,504130,2.63
543,20211021,15350,15400,14850,15100,306883,2.59
544,20211022,14850,15100,14800,14850,350460,2.49
545,20211025,14950,15000,14450,14750,330121,2.48
546,20211026,14900,15200,14800,15100,272597,2.61
547,20211027,15150,15150,14600,14700,321930,2.37
548,20211028,14700,14900,14450,14550,249716,2.26
549,20211029,14550,14600,14150,14200,333336,2.32
550,20211101,14100,14300,13850,14100,392133,2.5
551,20211102,14200,14750,14100,14300,414932,2.31
552,20211103,14550,14600,14200,14400,347589,2.29
553,20211104,14500,14500,13900,14150,414303,2.2
554,20211105,14150,15000,14000,14300,1010383,2.02
555,20211108,14500,15000,14250,14950,565633,2.24
556,20211109,14900,14950,14450,14600,388513,2.22
557,20211110,14350,15400,14350,14600,821037,2.23
558,20211111,14500,14550,13850,14050,529309,1.9
559,20211112,14050,14800,14000,14800,393831,1.97
560,20211115,15000,15900,14900,15250,1239858,2.18
561,20211116,15250,15850,14750,15800,1151289,2.33
562,20211117,15550,15950,14950,15150,838579,1.92
563,20211118,15300,17100,15150,16800,2513718,2.05
564,20211119,16300,17100,15950,16650,1623214,2.05
565,20211122,16650,16800,15600,15900,877387,1.99
566,20211123,15650,17050,15650,16450,1636364,2.05
567,20211124,16550,16850,16300,16400,873674,1.9
568,20211125,16100,16100,15300,15500,911931,1.7
569,20211126,15350,15800,14500,14550,813004,1.79
570,20211129,14150,14800,14000,14350,628947,1.84
571,20211130,14650,14950,13600,13850,606335,1.77
572,20211201,13800,14500,13500,14500,401862,1.83
573,20211202,14250,14700,14100,14400,302962,1.72
574,20211203,14600,15250,14450,15050,417179,1.8
575,20211206,14950,15350,14850,15100,244160,1.72
576,20211207,15250,15350,14750,14800,275708,1.67
577,20211208,14950,16400,14550,16100,2074508,1.8
578,20211209,16100,16100,15500,15750,732800,1.79
579,20211210,15700,16450,15500,15850,927511,1.72
580,20211213,16100,16300,15650,15650,540716,1.69
581,20211214,15600,15750,14950,15250,438132,1.7
582,20211215,15150,15400,14850,14950,292520,1.75
583,20211216,15200,15900,15100,15400,536613,1.72
584,20211217,15400,15800,15300,15450,328924,1.74
585,20211220,15450,15450,15000,15150,310939,1.7
586,20211221,15500,15600,15100,15200,461709,1.68
587,20211222,15200,15950,15000,15250,388271,1.64
588,20211223,15300,15300,14900,15100,289963,1.64
589,20211224,15100,15200,14950,15000,251502,1.65
590,20211227,15050,15050,14700,14750,246056,1.66
591,20211228,14750,14850,14600,14750,334939,1.71
592,20211229,14750,14950,14650,14850,173779,1.73
593,20211230,14950,14950,14600,14650,168169,1.71
594,20220103,14700,14800,14600,14700,148688,1.72
595,20220104,14650,15050,14600,15000,224235,1.74
596,20220105,15000,15150,14800,14850,250384,1.68
597,20220106,14700,14850,14450,14550,340819,1.67
598,20220107,14500,14800,14500,14750,148889,1.7
599,20220110,14650,14700,14350,14400,171752,1.69
600,20220111,14350,14400,13800,14100,276246,1.67
601,20220112,14100,14550,13950,14500,190833,1.64
602,20220113,14500,14500,14250,14250,106645,1.65
603,20220114,14000,14300,13950,14050,150265,1.64
604,20220117,13900,14050,13800,13800,127642,1.63
605,20220118,13800,14050,13550,13600,183181,1.62
606,20220119,13400,13600,12850,13000,442413,1.76
607,20220120,12900,13350,12800,13250,249957,1.82
608,20220121,13100,13450,12950,13050,202645,1.77
609,20220124,13000,13000,12300,12400,324140,1.89
610,20220125,12300,12600,11650,11650,502827,2.03
611,20220126,11500,12100,11500,11950,414416,2.21
612,20220127,11800,12150,11000,11200,524425,2.09
613,20220128,11350,12400,10900,11500,1051086,1.9
614,20220203,11700,12100,11550,11800,315777,2.11
615,20220204,11800,12400,11800,12300,379803,2.16
616,20220207,12300,12350,12000,12300,167217,2.09
617,20220208,12200,12450,11950,12150,233745,2.03
618,20220209,12150,12650,12000,12550,452746,1.94
619,20220210,12650,12750,12200,12250,233147,1.85
620,20220211,12000,12250,11500,11850,251481,1.95
621,20220214,11600,11750,11000,11100,359481,1.84
622,20220215,11000,11300,10500,10600,399199,1.95
623,20220216,10850,11300,10850,11200,293695,2.33
624,20220217,11100,11300,10650,10950,300440,2.34
625,20220218,10800,11300,10750,11300,159094,2.41
626,20220221,11100,11250,11000,11200,96499,2.42
627,20220222,10900,11150,10650,10800,199138,2.41
628,20220223,10900,11700,10800,11150,464485,2.31
629,20220224,10900,14400,10800,13900,3364915,2.01
630,20220225,13000,14750,12900,13250,3902226,2.03
631,20220228,13250,13700,12850,13400,944580,1.97
632,20220302,13300,13850,13150,13450,963818,1.95
633,20220303,13500,13750,13350,13400,352937,1.93
634,20220304,13400,13400,12950,13000,372016,2.12
635,20220307,13000,13200,12450,12450,339348,2.1
636,20220308,12200,12400,12000,12050,291887,2.14
637,20220310,12300,13050,12250,13000,495687,2.13
638,20220311,12850,13000,12600,12600,285472,2.13
639,20220314,12550,12550,12050,12150,216812,2.02
640,20220315,12000,12200,11700,11850,208168,2.06
641,20220316,12050,12150,11900,12050,160575,2.06
642,20220317,12300,12500,12200,12300,223031,2.04
643,20220318,12600,13100,12250,12400,532595,1.88
644,20220321,12400,12750,12300,12450,257221,1.95
645,20220322,12400,12600,12350,12450,160697,1.93
646,20220323,12550,12800,12450,12700,273864,2.03
647,20220324,12700,12700,12400,12550,205274,2.0
648,20220325,12650,12650,12450,12450,156411,1.96
649,20220328,12450,12500,12100,12250,260909,1.82
650,20220329,12250,12350,12200,12300,127755,1.86
651,20220330,12350,12400,12000,12000,208149,1.74
652,20220331,12200,12400,12100,12350,214620,1.86
653,20220401,12300,13000,12250,12850,1241423,1.88
654,20220404,13000,13100,12800,12850,389014,1.84
655,20220405,12850,13050,12650,12850,295586,1.92
656,20220406,12800,16100,12750,15800,7083853,1.92
657,20220407,18250,19300,15450,16450,29022943,2.14
658,20220408,15600,16500,14700,14950,5414269,2.03
659,20220411,15400,16900,15350,15750,7455841,2.19
660,20220412,15350,17900,15350,17100,13821588,2.36
661,20220413,17600,17600,16300,16300,4575332,1.94
662,20220414,16400,16600,15600,15650,2210686,1.93
663,20220415,16200,16850,15750,16200,3780828,2.2
664,20220418,16100,16150,15150,15150,1219242,1.92
665,20220419,15600,16300,15500,15700,2247516,2.21
666,20220420,15650,17600,15400,17050,6032313,2.12
667,20220421,16500,16650,16050,16050,2191442,1.88
668,20220422,15700,16750,15650,16050,1289485,1.93
669,20220425,15550,16400,15550,16050,886037,2.18
670,20220426,16100,16200,15700,15800,571901,2.1
671,20220427,15450,15950,15300,15600,770497,2.02
672,20220428,15700,15750,14400,14400,1148478,2.23
673,20220429,14650,15150,14400,14600,1108408,2.25
674,20220502,14600,14650,14250,14350,265593,2.22
675,20220503,14900,14900,14200,14350,456877,2.23
676,20220504,14250,14450,13750,13900,448416,2.27
677,20220506,13700,14350,13600,13700,547688,2.15
678,20220509,13400,13750,13200,13400,332496,2.24
679,20220510,13050,14750,13050,14600,1703176,2.1
680,20220511,14200,15850,14200,15400,2370827,2.37
681,20220512,16800,20000,16250,20000,24498708,2.21
682,20220513,19600,23950,17800,18800,51545627,2.59
683,20220516,19650,19700,17850,18450,7670006,2.49
684,20220517,18100,18550,17300,17350,4784761,2.69
685,20220518,17050,17700,16950,17350,3244702,2.99
686,20220519,18050,18950,17250,17300,6429567,2.08
687,20220520,16950,17350,16750,17100,1840183,2.68
688,20220523,16900,16950,16100,16200,1932000,2.94
689,20220524,16050,16400,15700,15800,1814883,2.98
690,20220525,15750,15900,15450,15550,1034173,3.42
691,20220526,15600,16050,15400,15650,1360992,2.93
692,20220527,15900,16200,15300,15450,1134183,2.85
693,20220530,15400,15550,15050,15450,726816,3.14
694,20220531,15600,15900,15350,15400,812502,2.7
695,20220602,15250,15650,15250,15350,563626,2.69
696,20220603,15450,15450,14850,14950,802491,2.53
697,20220607,15400,17600,15300,16950,7017833,2.15
698,20220608,16600,17750,16550,17150,2826997,2.29
699,20220609,16700,20250,16550,19100,16550262,2.37
700,20220610,18850,21650,18200,19200,16422218,2.57
701,20220613,18800,19300,17150,17150,3534754,3.14
702,20220614,16800,18700,16650,17800,5695716,3.05
703,20220615,17650,21500,17500,20950,9841668,3.18
704,20220616,20150,22150,19400,19400,8561686,2.95
705,20220617,18900,20550,18700,19700,5635288,2.71
706,20220620,20350,22000,20100,21300,12068837,2.68
707,20220621,21450,22150,19400,20200,7425612,2.25
708,20220622,20300,20750,18700,19350,3669465,2.66
709,20220623,19200,21350,17800,20300,12858993,2.41
710,20220624,19850,21050,18900,19000,7714582,2.48
711,20220627,20000,21950,19700,21950,10543445,4.59
712,20220628,22700,23750,20300,20550,11812035,2.21
713,20220629,19800,19850,17650,17650,5480790,2.6
714,20220630,17550,18350,16600,16650,4087163,2.91
715,20220701,16750,16900,15200,15450,3822135,3.35
716,20220704,15600,15700,14800,15000,2098827,3.51
717,20220705,15200,15450,14850,15000,2069564,2.74
718,20220706,15000,15050,13800,13950,2423726,2.79
719,20220707,14250,14450,13950,14000,1506724,2.86
720,20220708,14200,17000,14000,15850,10205390,2.69
721,20220711,15900,16900,15450,15800,2753126,2.42
722,20220712,15600,16550,15100,15250,2068238,2.6
723,20220713,15150,15650,14950,15050,1643853,2.39
724,20220714,14950,15150,14800,15050,884282,2.41
725,20220715,15050,15100,14300,14350,1095233,2.44
726,20220718,14500,15200,14500,14650,1302519,2.72
727,20220719,14650,14900,14400,14550,764173,2.61
728,20220720,14850,15150,14550,14700,859090,2.69
729,20220721,14950,15000,14500,14750,593508,2.55
730,20220722,14700,14850,14400,14400,553433,2.45
731,20220725,14400,15300,14400,14700,909955,2.42
732,20220726,14700,14950,14600,14700,501465,2.49
733,20220727,14950,15200,14700,14700,641005,2.47
734,20220728,14850,16300,14700,15300,5022564,2.6
735,20220729,15350,15550,15200,15300,729973,2.66
736,20220801,15450,15600,15250,15250,607663,2.74
737,20220802,15250,15350,14750,14900,660683,2.6
738,20220803,14800,14950,14650,14800,403755,2.52
739,20220804,14900,15050,14700,14750,363799,2.47
740,20220805,14750,15000,14750,14800,351128,2.54
741,20220808,14950,15500,14850,15300,791391,2.65
742,20220809,16200,16300,15300,15300,2366891,2.31
743,20220810,15350,15900,15300,15550,1169707,2.54
744,20220811,15800,15850,15550,15600,646004,2.61
745,20220812,15650,16050,15300,15500,1017358,2.51
746,20220816,15600,16200,15500,15700,1122658,2.76
747,20220817,15850,16050,15200,15200,723234,2.48
748,20220818,15600,16000,15400,15450,985790,2.46
749,20220819,15400,15600,15200,15300,398618,2.51
750,20220822,15400,15700,15150,15150,618676,2.47
751,20220823,14950,15000,14700,14800,603097,2.44
752,20220824,14950,15600,14850,15250,2008612,2.55
753,20220825,15350,15400,15200,15300,460845,2.59
754,20220826,15500,16850,15300,16150,4711606,3.02
755,20220829,16350,16400,14900,15000,2153701,2.52
756,20220830,14950,15100,14200,14450,1191935,2.42
757,20220831,14250,14650,14100,14450,584194,2.59
758,20220901,14300,14400,13450,13550,1076278,2.51
759,20220902,13600,13850,12850,12950,1107104,2.68
760,20220905,12800,13200,12400,12500,1106138,2.93
761,20220906,12400,12600,12150,12300,720839,3.04
762,20220907,12300,12650,11550,11650,1156864,3.07
763,20220908,11800,12050,11700,11700,556680,3.14
764,20220913,11900,12300,11900,12250,535207,3.26
765,20220914,11700,12300,11700,12200,412070,3.33
766,20220915,12350,12450,12050,12200,354359,3.06
767,20220916,12100,12300,11800,11800,296375,2.99
768,20220919,11750,11900,11150,11250,503647,3.12
769,20220920,11300,11650,11250,11300,332529,3.21
770,20220921,11200,11350,11050,11250,277121,3.45
771,20220922,11000,11150,10700,11100,579008,3.72
772,20220923,11050,11150,10600,10700,411081,3.73
773,20220926,10350,10550,10050,10150,737203,4.44
774,20220927,10100,10350,9870,10200,673892,4.51
775,20220928,10200,10450,9600,9600,617804,4.51
776,20220929,9740,10150,9570,9570,601630,4.83
777,20220930,9370,9670,9250,9420,540451,5.04
778,20221004,9600,9760,9580,9740,322227,5.24
779,20221005,9920,10050,9350,9350,550307,4.9
780,20221006,9400,9620,9400,9530,374516,5.19
781,20221007,9460,9470,9150,9210,508374,5.04
782,20221011,8940,9080,8610,8750,484411,5.14
783,20221012,8650,8840,8550,8630,323548,5.26
784,20221013,8570,8620,8230,8250,468918,5.53
785,20221014,8400,8590,8380,8410,799587,5.59
786,20221017,8210,8450,8060,8360,586764,5.65
787,20221018,8850,9330,8480,8530,1651273,4.64
788,20221019,8620,9240,8600,8840,1569848,4.63
789,20221020,8800,8810,8480,8560,451519,4.38
790,20221021,8530,8530,8250,8250,321662,4.28
791,20221024,8400,8870,8390,8620,793523,4.55
792,20221025,8620,8650,8390,8560,341908,4.38
793,20221026,8670,8760,8450,8480,310721,4.3
794,20221027,8470,8660,8470,8630,231903,4.42
795,20221028,8630,8870,8580,8650,302982,4.38
796,20221031,8830,10250,8650,9520,6874617,3.65
797,20221101,9420,9790,9340,9540,1452388,3.52
798,20221102,9590,11450,9450,10650,7320858,3.64
799,20221103,10500,11300,10400,10750,2210908,3.14
800,20221104,10650,12300,10250,11600,5598042,3.0
801,20221107,11500,11850,11400,11600,1089064,2.87
802,20221108,11850,12500,11750,11950,2722681,2.87
803,20221109,12050,12250,11700,11900,892924,2.83
804,20221110,11750,12050,11450,11750,808930,3.14
805,20221111,12150,12550,11700,11800,1875463,3.0
806,20221114,11850,11900,11250,11550,650842,3.12
807,20221115,11350,11700,11350,11600,510817,3.32
808,20221116,11550,11550,11000,11250,543845,3.63
809,20221117,11250,11350,10950,10950,381543,3.68
810,20221118,10900,11150,10700,10700,405003,3.72
811,20221121,10700,11200,10600,10650,623962,3.65
812,20221122,10550,10800,10350,10700,339283,3.67
813,20221123,10800,10900,10650,10700,271669,3.64
814,20221124,10800,11150,10750,10900,234283,3.58
815,20221125,10950,11350,10750,11200,462645,3.56
816,20221128,11200,11250,10350,10400,444198,3.27
817,20221129,10400,10650,10350,10550,182612,3.29
818,20221130,10500,11500,10500,11250,1096435,3.54
819,20221201,11400,11500,11100,11250,545404,3.67
820,20221202,11250,11350,10800,11000,305886,3.58
821,20221205,10950,11100,10750,10800,198000,3.57
822,20221206,10650,10750,10450,10600,205742,3.65
823,20221207,10500,10800,10400,10600,260528,3.94
824,20221208,10650,10700,10150,10250,320345,3.83
825,20221209,10300,10650,10250,10400,303964,3.99
826,20221212,10300,10400,10050,10050,235268,3.93
827,20221213,10100,10500,10050,10500,257242,4.09
828,20221214,10550,10600,10400,10550,174994,4.12
829,20221215,10500,10500,10200,10350,185672,4.02
830,20221216,10000,10250,10000,10150,211024,4.07
831,20221219,10100,10350,10100,10250,115906,4.1
832,20221220,10150,10500,10050,10100,190244,4.02
833,20221221,10200,10250,10000,10100,178301,3.93
834,20221222,10150,10200,10050,10100,119052,3.93
835,20221223,10050,10050,9520,9520,486293,3.64
836,20221226,9430,10100,9430,9980,528938,3.75
837,20221227,9850,10100,9630,9690,512630,3.59
838,20221228,9600,10200,9530,10050,460347,3.88
839,20221229,9950,9980,9520,9570,302961,3.59
840,20230102,9820,10400,9500,9500,596837,3.49
841,20230103,9440,9730,9070,9560,491161,3.43
842,20230104,9400,9870,9400,9750,244166,3.62
843,20230105,9900,11350,9870,10750,2613409,3.41
844,20230106,10700,12000,10650,11200,2562862,3.52
845,20230109,11350,11700,11200,11600,718101,3.35
846,20230110,11600,11900,11500,11650,525097,3.29
847,20230111,11750,11950,11500,11650,403818,3.23
848,20230112,11700,11750,11150,11150,699225,3.5
849,20230113,11250,11600,11200,11400,511202,3.65
850,20230116,11000,11100,10700,10800,727361,3.43
851,20230117,10800,11000,10550,10700,352790,3.49
852,20230118,10750,11600,10500,11300,1715867,3.13
853,20230119,11100,11600,11100,11100,937975,3.09
854,20230120,11150,11300,10950,10950,346399,3.02
855,20230125,11060,11240,10910,10950,414855,3.01
856,20230126,10930,11210,10900,11180,412241,3.2
857,20230127,11210,11300,11110,11150,391305,3.26
858,20230130,11160,11240,10970,11000,327128,3.18
859,20230131,10910,11500,10840,11410,733173,3.46
860,20230201,11500,11800,11270,11270,709840,3.42
861,20230202,11330,11740,11330,11620,727982,3.62
862,20230203,11840,11970,11470,11770,854890,3.57
863,20230206,11910,13440,11820,12740,7444140,3.23
864,20230207,12720,12970,12510,12930,1074655,3.19
865,20230208,12990,13390,12900,13040,1440709,3.16
866,20230209,12950,13150,12770,13140,609966,3.19
867,20230210,13030,13140,12730,12730,621974,3.07
868,20230213,12700,13070,12570,12730,494563,3.16
869,20230214,12720,12950,12690,12860,309990,3.17
870,20230215,12870,14150,12870,13420,2762248,3.24
871,20230216,13650,13860,13350,13730,885425,3.4
872,20230217,13600,14250,13450,13880,1015837,3.39
873,20230220,13930,14540,13910,14170,1164649,3.49
874,20230221,14350,14360,13810,13960,763190,3.23
875,20230222,13700,13790,12900,13260,999239,3.16
876,20230223,13310,14260,13190,14120,978069,3.69
877,20230224,14170,14180,13590,13950,566573,3.42
878,20230227,14200,14860,14120,14230,915315,3.49
879,20230228,14230,14430,14030,14280,366737,3.43
880,20230302,14440,14960,14380,14710,904452,3.61
881,20230303,14850,15460,14700,15110,835613,3.6
882,20230306,15200,15510,14950,15490,597065,3.66
883,20230307,15390,17950,15380,16920,6529029,3.76
884,20230308,16610,16840,16300,16620,1036436,3.67
885,20230309,16640,17270,16280,16400,1203073,3.55
886,20230310,16100,16520,15420,15900,959840,3.55
887,20230313,16700,18000,15900,16870,4302587,3.24
888,20230314,16630,17080,16230,17020,997620,3.15
889,20230315,16900,17740,16770,17110,1770740,3.21
890,20230316,17150,17460,16970,17090,982024,3.21
891,20230317,17100,17260,16370,16870,1048017,3.4
892,20230320,16820,17430,16750,17340,771954,3.81
893,20230321,17490,17620,17220,17260,704771,3.86
894,20230322,17540,18150,17360,17560,2268095,3.86
895,20230323,17390,17730,16940,17010,940652,3.63
896,20230324,17120,17620,16200,16520,977862,3.48
897,20230327,16310,18440,16310,18010,4244647,3.82
898,20230328,18120,18950,17520,18100,2961571,3.94
899,20230329,18100,18370,17760,18000,961231,3.74
900,20230330,18330,18880,17960,17970,1214225,3.7
901,20230331,18640,19740,18120,18380,3510109,3.63
902,20230403,18700,20400,18660,19920,7204676,4.39
903,20230404,19750,19970,18140,19550,2574044,4.33
904,20230405,18500,18870,18300,18570,3062848,5.75
905,20230406,18500,19080,18260,18680,1148297,5.74
906,20230407,18590,18720,18220,18290,702690,5.52
907,20230410,18330,18530,17600,17900,970856,5.35
908,20230411,18020,19170,18010,18630,2036999,5.5
909,20230412,18640,19890,18460,19460,2209087,5.92
910,20230413,19470,19800,18670,19290,930596,5.51
911,20230414,19550,19720,19200,19270,752984,5.29
912,20230417,19490,21100,19380,20950,4090479,5.81
913,20230418,21000,21800,20600,20950,1689367,5.73
914,20230419,20700,25900,20600,25900,10735412,7.91
915,20230420,27700,29450,26250,27600,10381779,6.95
916,20230421,26850,30600,26800,28100,7816458,6.82
917,20230424,28400,29850,25600,26100,4987199,7.38
918,20230425,26650,27400,23000,24400,5143732,7.59
919,20230426,24000,24550,22600,23050,4005113,7.14
920,20230427,25250,25400,20750,22600,8632632,5.2
921,20230428,22700,22950,15860,16030,16723488,4.74
922,20230502,16130,17430,15690,16640,8128333,5.74
923,20230503,16380,16640,15020,15130,3896344,6.62
924,20230504,14900,15100,14270,14450,3608732,5.56
925,20230508,14570,14660,13830,13880,1724268,5.78
926,20230509,13880,14130,13410,13610,1329493,6.16
927,20230510,13520,13810,12850,12930,1684345,6.32
928,20230511,13060,13180,12440,12510,1612976,6.32
929,20230512,12510,13360,12170,12500,4026270,4.87
930,20230515,12630,13400,12350,12750,2407614,4.15
931,20230516,12920,13570,12720,13170,3201298,4.22
932,20230517,13090,13630,12820,13470,1428748,4.85
933,20230518,13620,14730,13530,14410,3201891,5.36
934,20230519,14600,14660,13860,14020,1292886,5.16
935,20230522,14070,14100,13330,14050,709692,5.26
936,20230523,14110,14750,14050,14270,1241316,5.45
937,20230524,14070,14580,14010,14010,895975,5.23
938,20230525,14170,14600,14000,14350,1295826,5.92
939,20230526,14380,14460,13650,13710,832178,5.57
940,20230530,13760,14250,13760,14050,722812,5.96
941,20230531,14140,14430,13850,14260,942917,6.04
942,20230601,14150,14690,14070,14390,994356,6.26
943,20230602,14480,14500,14220,14270,400618,6.26
944,20230605,14320,14430,14100,14130,389789,6.41
945,20230607,14170,14210,13840,14070,628236,6.6
946,20230608,13950,14020,13610,13630,576846,6.15
947,20230609,13800,13890,13630,13700,430528,5.95
948,20230612,13650,13690,13110,13210,638799,5.92
949,20230613,13220,13320,12970,13180,510531,5.84
950,20230614,13190,13920,13070,13170,1010023,5.62
951,20230615,13170,13510,12900,13300,892195,5.52
952,20230616,13840,14550,13530,13610,2950702,5.34
953,20230619,13620,13700,13220,13250,504383,5.21
954,20230620,13290,13750,13230,13360,802179,5.43
955,20230621,13400,13700,13360,13530,557175,5.38
956,20230622,13450,13730,13290,13310,585699,5.36
957,20230623,13540,13550,13180,13220,361487,5.27
958,20230626,13130,13320,12910,13000,400425,5.13
959,20230627,12980,13060,12850,12850,252683,5.09
960,20230628,12860,13520,12810,13180,689939,5.28
961,20230629,13160,13310,12870,12880,325402,5.13
962,20230630,12900,13150,12800,12850,326516,5.18
963,20230703,12930,13240,12800,13120,340824,5.47
964,20230704,13300,13450,12910,13420,521913,5.76
965,20230705,13370,13610,13210,13330,472661,5.56
966,20230706,13340,13660,13100,13100,524161,5.53
967,20230707,13050,13050,12850,12900,251245,5.44
968,20230710,12900,13130,12800,12810,338137,5.42
969,20230711,12810,12920,12760,12850,224350,5.45
970,20230712,12900,13110,12850,13030,330175,5.73
971,20230713,13090,13420,13020,13310,461221,6.01
972,20230714,13400,13410,13110,13300,303971,6.13
973,20230717,13510,13540,13120,13200,371168,5.86
974,20230718,13210,13350,12960,13020,350198,5.81
975,20230719,13120,13280,12800,12800,678781,5.5
976,20230720,12830,12840,12540,12680,381214,5.59
977,20230721,12630,12630,12200,12270,527493,5.56
978,20230724,12240,12270,11780,11890,583127,5.93
979,20230725,11820,12060,11730,11760,375052,6.04
980,20230726,11740,11820,11010,11200,757622,6.69
981,20230727,11110,11710,11110,11320,431708,6.87
982,20230728,11160,11650,11080,11590,362517,7.0
983,20230731,11630,11870,11550,11770,229543,6.83
984,20230801,11730,12060,11720,11820,280808,6.77
985,20230802,11720,11900,11360,11460,461520,6.63
986,20230803,11330,11610,11280,11520,245671,6.7
987,20230804,11520,11680,11410,11410,175301,6.72
988,20230807,11430,11500,11250,11400,191134,6.77
989,20230808,11410,11590,11210,11210,238360,6.61
990,20230809,11220,11880,11210,11880,485652,6.86
991,20230810,11730,11870,11480,11710,338863,6.62
992,20230811,11760,11980,11540,11600,369044,6.51
993,20230814,11510,11560,11210,11250,295818,6.28
994,20230816,11000,11090,10650,10740,496637,6.17
995,20230817,10510,10650,10270,10400,306680,6.3
996,20230818,10250,10630,10130,10570,225575,6.4
997,20230821,10500,10640,10290,10300,232879,6.35
998,20230822,10300,10470,10100,10210,220907,6.43
999,20230823,10210,10400,10070,10100,218172,6.43
